           5.9026066            5.9026066                0.101           0.73697732
           5.8124264            5.8124264                0.202            1.4597671
           5.7294594            5.7294594                0.303            2.1634826
           5.6537056            5.6537056                0.404            2.8423332
            5.585165             5.585165                0.505            3.4897179
           5.5238375            5.5238375                0.606            4.0983773
           5.4697233            5.4697233                0.707            4.6606024
           5.4228223            5.4228223                0.808            5.1684953
           5.3831344            5.3831344                0.909            5.6142702
           5.3506598            5.3506598                 1.01            5.9905789
           5.3253984            5.3253984                1.111            6.2908415
           5.3073501            5.3073501                1.212            6.5095594
           5.2965151            5.2965151                1.313            6.6425877
           5.2928932            5.2928932                1.414            6.6873484
           5.2964846            5.2964846                1.515            6.6429641
           5.3072891            5.3072891                1.616            6.5103047
           5.3253069            5.3253069                1.717            6.2919416
           5.3505378            5.3505378                1.818            5.9920131
           5.3829819            5.3829819                1.919            5.6160128
           5.4226393            5.4226393                 2.02            5.1705166
           5.4695098            5.4695098                2.121            4.6628702
           5.5235935            5.5235935                2.222            4.1008583
           5.5848904            5.5848904                2.323            3.4923788
           5.6534005            5.6534005                2.424            2.8451421
           5.7291238            5.7291238                2.525            2.1664102
           5.8120603            5.8120603                2.626             1.462787
             5.90221              5.90221                2.727           0.74006695
           5.9995729            5.9995729                2.828         0.0031406619
            6.104149             6.104149                2.929            0.7440444
           6.2159383            6.2159383                 3.03            1.4984753
           6.3349408            6.3349408                3.131            2.2580261
           6.4611565            6.4611565                3.232            3.0213802
           6.5945854            6.5945854                3.333            3.7879342
           6.7352274            6.7352274                3.434            4.5576894
           6.8830827            6.8830827                3.535            5.3311417
           7.0381512            7.0381512                3.636            6.1091737
           7.2004329            7.2004329                3.737            6.8929546
           7.3699277            7.3699277                3.838            7.6838511
           7.5466358            7.5466358                3.939            8.4833502
            7.730557             7.730557                 4.04            9.2929952
           7.9216915            7.9216915                4.141            10.114334
           8.1200391            8.1200391                4.242            10.948878
              8.3256               8.3256                4.343            11.798076
            8.538374             8.538374                4.444            12.663291
           8.7583612            8.7583612                4.545            13.545786
           8.9855617            8.9855617                4.646            14.446721
           9.2199753            9.2199753                4.747            15.367148
           9.4616021            9.4616021                4.848            16.308015
           9.7104421            9.7104421                4.949            17.270167
           9.9664953            9.9664953                 5.05            18.254353
           10.229762            10.229762                5.151            19.261235
           10.500241            10.500241                5.252            20.291393
           10.777934            10.777934                5.353            21.345334
            11.06284             11.06284                5.454            22.423498
           11.354959            11.354959                5.555            23.526266
           11.654292            11.654292                5.656            24.653969
           11.960837            11.960837                5.757            25.806892
           12.274596            12.274596                5.858            26.985279
           12.595568            12.595568                5.959            28.189339
           12.923753            12.923753                 6.06            29.419253
           13.259152            13.259152                6.161            30.675174
           13.601763            13.601763                6.262            31.957234
           13.951588            13.951588                6.363            33.265545
           14.308626            14.308626                6.464            34.600203
           14.672877            14.672877                6.565            35.961288
           15.044341            15.044341                6.666            37.348871
           15.423019            15.423019                6.767             38.76301
            15.80891             15.80891                6.868            40.203756
           16.202014            16.202014                6.969            41.671152
           16.602331            16.602331                 7.07            43.165233
           17.009861            17.009861                7.171            44.686032
           17.424605            17.424605                7.272            46.233574
           17.846561            17.846561                7.373            47.807881
           18.275731            18.275731                7.474            49.408974
           18.712115            18.712115                7.575            51.036868
           19.155711            19.155711                7.676            52.691578
            19.60652             19.60652                7.777            54.373114
           20.064543            20.064543                7.878            56.081488
           20.529779            20.529779                7.979            57.816707
           21.002228            21.002228                 8.08            59.578779
            21.48189             21.48189                8.181            61.367712
           21.968766            21.968766                8.282            63.183509
           22.462855            22.462855                8.383            65.026175
           22.964156            22.964156                8.484            66.895715
           23.472672            23.472672                8.585            68.792132
             23.9884              23.9884                8.686            70.715429
           24.511341            24.511341                8.787            72.665608
           25.041496            25.041496                8.888            74.642671
           25.578864            25.578864                8.989            76.646621
           26.123445            26.123445                 9.09            78.677458
           26.675239            26.675239                9.191            80.735185
           27.234247            27.234247                9.292            82.819803
           27.800467            27.800467                9.393            84.931312
           28.373901            28.373901                9.494            87.069713
           28.954548            28.954548                9.595            89.235007
           29.542408            29.542408                9.696            91.427195
           30.137482            30.137482                9.797            93.646278
           30.739769            30.739769                9.898            95.892255
           31.349268            31.349268                9.999            98.165128
           31.965981            31.965981                 10.1             100.4649
           32.589908            32.589908               10.201            102.79156
           33.221047            33.221047               10.302            105.14512
             33.8594              33.8594               10.403            107.52558
           34.504965            34.504965               10.504            109.93293
           35.157744            35.157744               10.605            112.36718
           35.817737            35.817737               10.706            114.82833
           36.484942            36.484942               10.807            117.31638
           37.159361            37.159361               10.908            119.83132
           37.840992            37.840992               11.009            122.37316
           38.529837            38.529837                11.11             124.9419
           39.225896            39.225896               11.211            127.53753
           39.929167            39.929167               11.312            130.16006
           40.639652            40.639652               11.413             132.8095
           41.357349            41.357349               11.514            135.48582
            42.08226             42.08226               11.615            138.18905
           42.814385            42.814385               11.716            140.91918
           43.553722            43.553722               11.817             143.6762
           44.300272            44.300272               11.918            146.46012
           45.054036            45.054036               12.019            149.27094
           45.815013            45.815013                12.12            152.10865
           46.583203            46.583203               12.221            154.97327
           47.358607            47.358607               12.322            157.86478
           48.141223            48.141223               12.423            160.78319
           48.931053            48.931053               12.524             163.7285
           49.728096            49.728096               12.625            166.70071
           50.532352            50.532352               12.726            169.69981
           51.343821            51.343821               12.827            172.72582
           52.162504            52.162504               12.928            175.77872
             52.9884              52.9884               13.029            178.85852
           53.821509            53.821509                13.13            181.96522
           54.661831            54.661831               13.231            185.09882
           55.509366            55.509366               13.332            188.25931
           56.364114            56.364114               13.433             191.4467
           57.226076            57.226076               13.534              194.661
           58.095251            58.095251               13.635            197.90219
           58.971639            58.971639               13.736            201.17027
            59.85524             59.85524               13.837            204.46526
           60.746055            60.746055               13.938            207.78714
           61.644083            61.644083               14.039            211.13593
           62.549323            62.549323                14.14            214.51161
           63.461778            63.461778               14.241            217.91419
           64.381445            64.381445               14.342            221.34367
           65.308325            65.308325               14.443            224.80004
           66.242419            66.242419               14.544            228.28332
           67.183726            67.183726               14.645            231.79349
           68.132246            68.132246               14.746            235.33056
           69.087979            69.087979               14.847            238.89453
           70.050926            70.050926               14.948             242.4854
           71.021085            71.021085               15.049            246.10316
           71.998458            71.998458                15.15            249.74783
           72.983044            72.983044               15.251            253.41939
           73.974843            73.974843               15.352            257.11785
           74.973856            74.973856               15.453            260.84321
           75.980081            75.980081               15.554            264.59547
            76.99352             76.99352               15.655            268.37462
           78.014172            78.014172               15.756            272.18068
           79.042037            79.042037               15.857            276.01363
           80.077116            80.077116               15.958            279.87348
           81.119408            81.119408               16.059            283.76023
           82.168912            82.168912                16.16            287.67387
            83.22563             83.22563               16.261            291.61442
           84.289562            84.289562               16.362            295.58186
           85.360706            85.360706               16.463            299.57621
           86.439064            86.439064               16.564            303.59745
           87.524634            87.524634               16.665            307.64558
           88.617418            88.617418               16.766            311.72062
           89.717415            89.717415               16.867            315.82256
           90.824626            90.824626               16.968            319.95139
           91.939049            91.939049               17.069            324.10712
           93.060686            93.060686                17.17            328.28975
           94.189536            94.189536               17.271            332.49928
           95.325599            95.325599               17.372            336.73571
           96.468876            96.468876               17.473            340.99903
           97.619365            97.619365               17.574            345.28926
           98.777068            98.777068               17.675            349.60638
           99.941984            99.941984               17.776             353.9504
           101.11411            101.11411               17.877            358.32132
           102.29346            102.29346               17.978            362.71913
           103.48001            103.48001               18.079            367.14385
           104.67378            104.67378                18.18            371.59546
           105.87476            105.87476               18.281            376.07397
           107.08296            107.08296               18.382            380.57938
           108.29837            108.29837               18.483            385.11169
           109.52099            109.52099               18.584             389.6709
           110.75082            110.75082               18.685              394.257
           111.98787            111.98787               18.786            398.87001
           113.23213            113.23213               18.887            403.50991
            114.4836             114.4836               18.988            408.17671
           115.74229            115.74229               19.089             412.8704
           117.00819            117.00819                19.19              417.591
           118.28131            118.28131               19.291             422.3385
           119.56163            119.56163               19.392            427.11289
           120.84917            120.84917               19.493            431.91418
           122.14393            122.14393               19.594            436.74237
           123.44589            123.44589               19.695            441.59746
           124.75507            124.75507               19.796            446.47944
           126.07147            126.07147               19.897            451.38833
           127.39507            127.39507               19.998            456.32411
           128.72589            128.72589               20.099            461.28679
           130.06393            130.06393                 20.2            466.27637
           131.40917            131.40917               20.301            471.29285
           132.76163            132.76163               20.402            476.33623
            134.1213             134.1213               20.503             481.4065
           135.48819            135.48819               20.604            486.50367
           136.86229            136.86229               20.705            491.62774
            138.2436             138.2436               20.806            496.77871
           139.63212            139.63212               20.907            501.95658
           141.02786            141.02786               21.008            507.16135
           142.43081            142.43081               21.109            512.39301
           143.84098            143.84098                21.21            517.65157
           145.25836            145.25836               21.311            522.93703
           146.68295            146.68295               21.412            528.24939
           148.11475            148.11475               21.513            533.58865
           149.55377            149.55377               21.614            538.95481
                 151                  151               21.715            544.34786
           152.45344            152.45344               21.816            549.76781
            153.9141             153.9141               21.917            555.21466
           155.38197            155.38197               22.018            560.68841
           156.85705            156.85705               22.119            566.18906
           158.33935            158.33935                22.22            571.71661
           159.82886            159.82886               22.321            577.27105
           161.32558            161.32558               22.422            582.85239
           162.82952            162.82952               22.523            588.46063
           164.34067            164.34067               22.624            594.09577
           165.85903            165.85903               22.725            599.75781
           167.38461            167.38461               22.826            605.44674
            168.9174             168.9174               22.927            611.16258
            170.4574             170.4574               23.028            616.90531
           172.00461            172.00461               23.129            622.67494
           173.55904            173.55904                23.23            628.47147
           175.12068            175.12068               23.331             634.2949
           176.68954            176.68954               23.432            640.14522
           178.26561            178.26561               23.533            646.02245
           179.84889            179.84889               23.634            651.92657
           181.43938            181.43938               23.735            657.85759
           183.03709            183.03709               23.836            663.81551
           184.64201            184.64201               23.937            669.80032
           186.25414            186.25414               24.038            675.81204
           187.87349            187.87349               24.139            681.85065
           189.50005            189.50005                24.24            687.91616
           191.13383            191.13383               24.341            694.00857
           192.77481            192.77481               24.442            700.12788
           194.42301            194.42301               24.543            706.27409
           196.07843            196.07843               24.644            712.44719
           197.74105            197.74105               24.745             718.6472
           199.41089            199.41089               24.846             724.8741
           201.08795            201.08795               24.947             731.1279
           202.77221            202.77221               25.048             737.4086
           204.46369            204.46369               25.149            743.71619
           206.16238            206.16238                25.25            750.05069
           207.86829            207.86829               25.351            756.41208
           209.58141            209.58141               25.452            762.80037
           211.30174            211.30174               25.553            769.21556
           213.02929            213.02929               25.654            775.65765
           214.76404            214.76404               25.755            782.12664
           216.50602            216.50602               25.856            788.62252
            218.2552             218.2552               25.957            795.14531
            220.0116             220.0116               26.058            801.69499
           221.77521            221.77521               26.159            808.27157
           223.54603            223.54603                26.26            814.87505
           225.32407            225.32407               26.361            821.50542
           227.10932            227.10932               26.462             828.1627
           228.90179            228.90179               26.563            834.84687
           230.70146            230.70146               26.664            841.55794
           232.50835            232.50835               26.765            848.29591
           234.32246            234.32246               26.866            855.06078
           236.14377            236.14377               26.967            861.85254
            237.9723             237.9723               27.068            868.67121
           239.80805            239.80805               27.169            875.51677
             241.651              241.651                27.27            882.38923
           243.50117            243.50117               27.371            889.28859
           245.35856            245.35856               27.472            896.21485
           247.22315            247.22315               27.573            903.16801
           249.09496            249.09496               27.674            910.14806
           250.97398            250.97398               27.775            917.15501
           252.86022            252.86022               27.876            924.18886
           254.75367            254.75367               27.977            931.24961
           256.65433            256.65433               28.078            938.33726
           258.56221            258.56221               28.179            945.45181
           260.47729            260.47729                28.28            952.59325
            262.3996             262.3996               28.381            959.76159
           264.32911            264.32911               28.482            966.95683
           266.26584            266.26584               28.583            974.17897
           268.20978            268.20978               28.684            981.42801
           270.16093            270.16093               28.785            988.70395
            272.1193             272.1193               28.886            996.00678
           274.08488            274.08488               28.987            1003.3365
           276.05768            276.05768               29.088            1010.6931
           278.03768            278.03768               29.189            1018.0767
            280.0249             280.0249                29.29            1025.4871
           282.01934            282.01934               29.391            1032.9244
           284.02098            284.02098               29.492            1040.3886
           286.02984            286.02984               29.593            1047.8798
           288.04592            288.04592               29.694            1055.3978
            290.0692             290.0692               29.795            1062.9427
            292.0997             292.0997               29.896            1070.5145
           294.13742            294.13742               29.997            1078.1132
