             0.101            8.48032            5.99649         0.00350655            6.00003        3.47515e-05                  3            3.00003        2.28284e-06 
             0.202            8.46545            5.98596          0.0140424            6.00007        6.97859e-05                  3            3.00007         3.3575e-05 
             0.303            8.44063            5.96834          0.0316568             6.0001        0.000105396                  3             3.0001        0.000170195 
             0.404            8.40585            5.94357          0.0564326            6.00014        0.000141889                  3            3.00014        0.000544659 
             0.505            8.36107            5.91151           0.088488            6.00018        0.000179602                  3            3.00018          0.0013552 
             0.606            8.30626            5.87202           0.127979            6.00021        0.000218906                  3            3.00022         0.00287985 
             0.707            8.24136             5.8249           0.175102            6.00025        0.000260224                  3            3.00026         0.00549645 
             0.808            8.16635             5.7699           0.230098            6.00029         0.00030404                  3             3.0003         0.00971002 
             0.909            8.08119            5.70674           0.293257            6.00033        0.000350928                  3            3.00034          0.0161897 
              1.01            7.98588            5.63508           0.364922            6.00038        0.000401566                  3            3.00039          0.0258175 
             1.111            7.88045             5.5545           0.445499            6.00042         0.00045677                  3            3.00044          0.0397526 
             1.212              7.765            5.46454           0.535462            6.00047        0.000517533                  3            3.00049          0.0595131 
             1.313            7.63972            5.36464            0.63536            6.00052        0.000585066                  3            3.00055          0.0870779 
             1.414            7.50494            5.25417            0.74583            6.00057        0.000660856                  3            3.00062           0.125006 
             1.515             7.3612             5.1324           0.867596            6.00063        0.000746727                  3            3.00069           0.176559 
             1.616            7.20934            4.99852            1.00148             6.0007        0.000844905                  3            3.00077           0.245799 
             1.717            7.05066            4.85162            1.14838            6.00077        0.000958067                  3            3.00086           0.337575 
             1.818            6.88705            4.69074            1.30926            6.00085         0.00108934                  3            3.00097           0.457245 
             1.919            6.72131             4.5149             1.4851            6.00093          0.0012422                  3            3.00109           0.609847 
              2.02            6.55737            4.32324            1.67676            6.00103         0.00142009                  3            3.00122           0.798289 
             2.121            6.40068            4.11519            1.88481            6.00114         0.00162572                  3            3.00138            1.02011 
             2.222            6.25833            3.89076            2.10924            6.00126         0.00185976                  3            3.00156            1.26288 
             2.323            6.13893            3.65096            2.34904            6.00141         0.00211911                  3            3.00176            1.50014 
             2.424            6.05181             3.3982             2.6018            6.00157         0.00239523                  3            3.00198            1.69245 
             2.525            6.00531            3.13655            2.86345            6.00177         0.00267404                  3            3.00222             1.7994 
             2.626            6.00454            2.87161            3.12839            6.00199         0.00293843                  3            3.00246            1.80164 
             2.727            6.04957            2.60998            3.39002            6.00224         0.00317309                  3            3.00271            1.71865 
             2.828            6.13488            2.35835            3.64165            6.00253         0.00336896                  3            3.00295            1.60453 
             2.929            6.25059            2.12279            3.87721            6.00285         0.00352468                  3            3.00319            1.52214 
              3.03            6.38443             1.9084             4.0916             6.0032         0.00364466                  3            3.00342            1.51512 
             3.131             6.5237            1.71932            4.28068            6.00357         0.00373602                  3            3.00365            1.59483 
             3.232            6.65654            1.55885            4.44115            6.00397         0.00380609                  3            3.00389            1.74338 
             3.333            6.77276            1.42966            4.57034            6.00439          0.0038612                  3            3.00412            1.92494 
             3.434             6.8641             1.3338             4.6662            6.00482         0.00390633                  3            3.00436            2.09806 
             3.535            6.92449            1.27281            4.72719            6.00526         0.00394532                  3             3.0046            2.22564 
             3.636            6.95011            1.24762            4.75238            6.00571          0.0039812                  3            3.00484             2.2816 
             3.737            6.93937            1.25865            4.74135            6.00615         0.00401657                  3            3.00508            2.25481 
             3.838              6.893            1.30568            4.69432            6.00659         0.00405397                  3            3.00532            2.15045 
             3.939            6.81396            1.38794            4.61206            6.00703         0.00409621                  3            3.00556            1.98933 
              4.04            6.70748            1.50412            4.49588            6.00745         0.00414673                  3             3.0058            1.80491 
             4.141            6.58093            1.65233            4.34767            6.00785         0.00420999                  3            3.00603            1.63769 
             4.242            6.44373            1.83014            4.16986            6.00824         0.00429171                  3            3.00626            1.52663 
             4.343            6.30706            2.03451            3.96549             6.0086         0.00439884                  3             3.0065            1.49769 
             4.444            6.18329            2.26169            3.73831            6.00893         0.00453871                  3            3.00673            1.55191 
             4.545            6.08493            2.50698            3.49302            6.00922         0.00471715                  3            3.00697            1.65825 
             4.646            6.02296            2.76473            3.23527            6.00949         0.00493547                  3            3.00721            1.75969 
             4.747             6.0048             3.0285             2.9715            6.00972         0.00518795                  3            3.00745            1.79592 
             4.848            6.03272             3.2916             2.7084            6.00992         0.00546164                  3            3.00769            1.73201 
             4.949            6.10357              3.548              2.452             6.0101         0.00573975                  3            3.00792            1.57247 
              5.05            6.21017            3.79299            2.20701            6.01025          0.0060066                  3            3.00813            1.35118 
             5.151            6.34349             4.0235             1.9765            6.01038         0.00625127                  3            3.00832            1.10934 
             5.252            6.49455            4.23802            1.76198             6.0105         0.00646853                  3            3.00848           0.878896 
             5.353            6.65564            4.43616            1.56384             6.0106         0.00665762                  3            3.00863           0.677547 
             5.454            6.82068            4.61827            1.38173            6.01069         0.00682052                  3            3.00876           0.511315 
             5.555            6.98515            4.78512            1.21488            6.01077         0.00696044                  3            3.00887           0.379158 
             5.656            7.14585            4.93765            1.06235            6.01084         0.00708087                  3            3.00896           0.276763 
             5.757            7.30051            5.07682           0.923181            6.01091         0.00718507                  3            3.00905           0.198872 
             5.858            7.44762            5.20356           0.796439            6.01097         0.00727589                  3            3.00912           0.140453 
             5.959            7.58617            5.31873           0.681274            6.01103         0.00735575                  3            3.00919           0.097165 
              6.06            7.71551            5.42307           0.576925            6.01108         0.00742662                  3            3.00925           0.065462 
             6.161             7.8352            5.51728           0.482723            6.01113         0.00749012                  3            3.00931          0.0425335 
             6.262            7.94502            5.60191           0.398085            6.01118         0.00754756                  3            3.00936          0.0261916 
             6.363            8.04483            5.67749           0.322507            6.01122         0.00760003                  3            3.00941          0.0147503 
             6.464            8.13457            5.74444           0.255558            6.01126         0.00764841                  3            3.00945         0.00691842 
             6.565            8.21423            5.80313           0.196868             6.0113         0.00769343                  3             3.0095         0.00171045 
             6.666            8.28382            5.85388           0.146125            6.01134          0.0077357                  3            3.00954         0.00162314 
             6.767            8.34339            5.89693           0.103068            6.01138         0.00777575                  3            3.00958         0.00365027 
             6.868            8.39296            5.93252          0.0674821            6.01141         0.00781402                  3            3.00961         0.00479846 
             6.969             8.4326            5.96081           0.039193            6.01145          0.0078509                  3            3.00965         0.00538559 
              7.07            8.46232            5.98193          0.0180656            6.01148         0.00788674                  3            3.00969         0.00564267 
             7.171            8.48217              5.996         0.00400032            6.01152         0.00792186                  3            3.00972          0.0057302 
             7.272            8.49216            6.00307         -0.0030684            6.01155         0.00795654                  3            3.00975         0.00574945 
             7.373            8.49231            6.00317        -0.00317329            6.01159         0.00799108                  3            3.00979         0.00574948 
             7.474            8.48262            5.99631          0.0036851            6.01162         0.00802576                  3            3.00982         0.00573055 
             7.575            8.46307            5.98246          0.0175384            6.01166         0.00806085                  3            3.00986         0.00564416 
             7.676            8.43364            5.96155          0.0384509            6.01169         0.00809666                  3            3.00989         0.00538969 
             7.777             8.3943            5.93348           0.066521            6.01173         0.00813349                  3            3.00993         0.00480738 
             7.878            8.34503            5.89812           0.101883            6.01176          0.0081717                  3            3.00997         0.00366715 
             7.979            8.28576            5.85529           0.144708             6.0118         0.00821167                  3            3.01001         0.00165228 
              8.08            8.21647            5.80479           0.195212            6.01184         0.00825385                  3            3.01005         0.00166322 
             8.181            8.13712            5.74635           0.253653            6.01188         0.00829876                  3            3.01009         0.00684536 
             8.282            8.04768            5.67966           0.320341            6.01192         0.00834699                  3            3.01013          0.0146412 
             8.383            7.94817            5.60436           0.395644            6.01196         0.00839929                  3            3.01018          0.0260331 
             8.484            7.83865            5.52001            0.47999            6.01201         0.00845652                  3            3.01023          0.0423086 
             8.585            7.71924            5.42612           0.573883            6.01206         0.00851977                  3            3.01029          0.0651492 
             8.686            7.59018             5.3221             0.6779            6.01211         0.00859033                  3            3.01035          0.0967385 
             8.787            7.45188            5.20729           0.792709            6.01217         0.00866981                  3            3.01042           0.139883 
             8.888            7.30498            5.08093           0.919067            6.01223         0.00876019                  3            3.01049           0.198128 
             8.989            7.15048            4.94218            1.05782            6.01229         0.00886384                  3            3.01058           0.275824 
              9.09            6.98988             4.7901             1.2099            6.01237         0.00898362                  3            3.01067           0.378025 
             9.191            6.82538            4.62372            1.37628            6.01245         0.00912278                  3            3.01078           0.510048 
             9.292            6.66016            4.44211            1.55789            6.01253         0.00928484                  3            3.01091           0.676322 
             9.393             6.4987             4.2445             1.7555            6.01264         0.00947304                  3            3.01105           0.878087 
             9.494            6.34701            4.03051            1.96949            6.01275         0.00968947                  3            3.01122            1.10962 
             9.595            6.21277            3.80048            2.19952            6.01288         0.00993358                  3            3.01141            1.35353 
             9.696            6.10493            3.55591            2.44409            6.01303          0.0102003                  3            3.01162            1.57803 
             9.797             6.0326             3.2998             2.7002            6.01321          0.0104791                  3            3.01184            1.74157 
             9.898             6.0031             3.0368             2.9632            6.01341          0.0107542                  3            3.01208             1.8092 
             9.999            6.01978            2.77294            3.22706            6.01364          0.0110088                  3            3.01232            1.77495 
              10.1            6.08058            2.51488            3.48512             6.0139          0.0112296                  3            3.01256            1.67261 
            10.201            6.17822            2.26909            3.73091            6.01419          0.0114105                  3             3.0128            1.56236 
            10.302             6.3018            2.04122            3.95878            6.01452          0.0115524                  3            3.01304            1.50197 
            10.403            6.43883            1.83596            4.16404            6.01488          0.0116612                  3            3.01327            1.52361 
            10.504            6.57693            1.65706            4.34294            6.01526          0.0117442                  3             3.0135            1.62742 
            10.605            6.70492            1.50754            4.49246            6.01566          0.0118083                  3            3.01373            1.78839 
            10.706            6.81336            1.38977            4.61023            6.01607          0.0118595                  3            3.01397            1.96831 
            10.807            6.89485            1.30562            4.69438             6.0165          0.0119021                  3             3.0142            2.12721 
            10.908            6.94412            1.25639            4.74361            6.01694          0.0119396                  3            3.01444            2.23185 
            11.009            6.95813            1.24282            4.75718            6.01738           0.011975                  3            3.01468            2.26128 
             11.11            6.93605            1.26513            4.73487            6.01782          0.0120106                  3            3.01492            2.20966 
            11.211            6.87929            1.32294            4.67706            6.01825          0.0120491                  3            3.01515            2.08702 
            11.312            6.79145            1.41533            4.58467            6.01868          0.0120933                  3            3.01539            1.91788 
            11.413            6.67833            1.54083            4.45917            6.01909          0.0121469                  3            3.01562            1.73769 
            11.514            6.54782            1.69744            4.30256            6.01949          0.0122148                  3            3.01585            1.58659 
            11.615            6.40974            1.88263            4.11737            6.01986          0.0123028                  3            3.01608            1.50022 
            11.716            6.27555            2.09322            3.90678            6.02021          0.0124182                  3            3.01631            1.49811 
            11.817            6.15764            2.32526            3.67474            6.02052          0.0125681                  3            3.01655            1.57262 
            11.918            6.06819            2.57389            3.42611            6.02081          0.0127572                  3            3.01678            1.68475 
            12.019            6.01732            2.83326            3.16674            6.02106          0.0129853                  3            3.01702            1.77454 
             12.12            6.01116            3.09686            2.90314            6.02128          0.0132447                  3            3.01726             1.7866 
            12.221            6.05051            3.35816            2.64184            6.02148          0.0135209                  3             3.0175            1.69636 
            12.322            6.13104            3.61144            2.38856            6.02164          0.0137972                  3            3.01772             1.5177 
            12.423            6.24496            3.85245            2.14755            6.02179          0.0140589                  3            3.01792            1.28817 
            12.524            6.38316            4.07857            1.92143            6.02192          0.0142967                  3            3.01811             1.0474 
            12.625            6.53698            4.28859            1.71141            6.02203          0.0145066                  3            3.01827           0.823574 
            12.726            6.69916            4.48235            1.51765            6.02212          0.0146888                  3            3.01841              0.631 
            12.827            6.86406            4.66034            1.33966            6.02221          0.0148456                  3            3.01853           0.473527 
            12.928            7.02754            4.82336            1.17664            6.02229          0.0149803                  3            3.01863           0.349065 
            13.029            7.18667            4.97237            1.02763            6.02236          0.0150964                  3            3.01873           0.252968 
             13.13            7.33941            5.10832           0.891678            6.02242          0.0151971                  3            3.01881           0.180015 
            13.231            7.48437            5.23212           0.767882            6.02248           0.015285                  3            3.01888           0.125361 
            13.332            7.62066            5.34459           0.655414            6.02254          0.0153625                  3            3.01895          0.0848888 
            13.433            7.74768            5.44646            0.55354            6.02259          0.0154314                  3            3.01901          0.0552594 
            13.534            7.86507            5.53838           0.461616            6.02264          0.0154933                  3            3.01907          0.0338375 
            13.635            7.97261            5.62092           0.379081            6.02268          0.0155494                  3            3.01912          0.0185752 
            13.736            8.07019            5.69455           0.305452            6.02273          0.0156008                  3            3.01916         0.00789503 
            13.837            8.15776            5.75969           0.240312            6.02277          0.0156483                  3            3.01921        0.000588911 
            13.938            8.23531            5.81669           0.183309            6.02281          0.0156926                  3            3.01925         0.00426561 
            14.039            8.30288            5.86586           0.134144            6.02284          0.0157342                  3            3.01929         0.00737056 
             14.14             8.3605            5.90743          0.0925664            6.02288          0.0157737                  3            3.01933         0.00925798 
            14.241            8.40821            5.94163           0.058371            6.02292          0.0158115                  3            3.01936          0.0103282 
            14.342            8.44605            5.96861          0.0313927            6.02295           0.015848                  3             3.0194          0.0108783 
            14.443            8.47406             5.9885          0.0115039            6.02299          0.0158836                  3            3.01944          0.0111233 
            14.544            8.49227            6.00139        -0.00138827            6.02302          0.0159184                  3            3.01947          0.0112113 
            14.645            8.50069            6.00734        -0.00734332            6.02306          0.0159529                  3             3.0195          0.0112334 
            14.746            8.49934            6.00639        -0.00638861            6.02309          0.0159873                  3            3.01954          0.0112303 
            14.847            8.48821            5.99852         0.00148015            6.02312          0.0160218                  3            3.01957           0.011195 
            14.948             8.4673             5.9837           0.016299            6.02316          0.0160568                  3            3.01961          0.0110724 
            15.049            8.43657            5.96186          0.0381363            6.02319          0.0160926                  3            3.01964          0.0107552 
             15.15            8.39601            5.93291          0.0670942            6.02323          0.0161294                  3            3.01968          0.0100771 
            15.251            8.34556            5.89669            0.10331            6.02326          0.0161676                  3            3.01972         0.00880065 
            15.352             8.2852            5.85304            0.14696             6.0233          0.0162077                  3            3.01975         0.00660073 
            15.453            8.21487            5.80174           0.198261            6.02334            0.01625                  3            3.01979         0.00304164 
            15.554            8.13454            5.74252           0.257476            6.02338           0.016295                  3            3.01984         0.00245426 
            15.655            8.04421            5.67508           0.324918            6.02342          0.0163435                  3            3.01988          0.0106481 
            15.756            7.94386            5.59904           0.400956            6.02346           0.016396                  3            3.01993          0.0225391 
            15.857            7.83358            5.51398           0.486024            6.02351          0.0164536                  3            3.01998          0.0394352 
            15.958             7.7135            5.41937           0.580626            6.02356          0.0165173                  3            3.02004           0.063042 
            16.059            7.58385            5.31466           0.685344            6.02361          0.0165883                  3             3.0201          0.0955705 
             16.16            7.44507            5.19915           0.800847            6.02367          0.0166684                  3            3.02017           0.139857 
            16.261            7.29782             5.0721           0.927895            6.02373          0.0167595                  3            3.02024           0.199474 
            16.362             7.1431            4.93266            1.06734            6.02379           0.016864                  3            3.02033           0.278786 
            16.463            6.98247            4.77991            1.22009            6.02386          0.0169849                  3            3.02042           0.382839 
            16.564            6.81815            4.61287            1.38713            6.02394          0.0171252                  3            3.02053           0.516877 
            16.665             6.6534            4.43062            1.56938            6.02403          0.0172886                  3            3.02066           0.685152 
            16.766            6.49272            4.23242            1.76758            6.02413          0.0174782                  3            3.02081           0.888565 
            16.867            6.34219            4.01793            1.98207            6.02425          0.0176961                  3            3.02097            1.12085 
            16.968            6.20952            3.78755            2.21245            6.02438          0.0179413                  3            3.02116            1.36398 
            17.069            6.10365            3.54282            2.45718            6.02453          0.0182087                  3            3.02137            1.58567 
             17.17            6.03355            3.28682            2.71318             6.0247          0.0184874                  3            3.02159            1.74458 
            17.271            6.00634            3.02426            2.97574             6.0249          0.0187617                  3            3.02183            1.80696 
            17.372            6.02508            2.76114            3.23886            6.02513          0.0190149                  3            3.02207            1.76855 
            17.473             6.0875            2.50408            3.49592            6.02539           0.019234                  3            3.02231            1.66424 
            17.574            6.18619            2.25945            3.74055            6.02568          0.0194132                  3            3.02255            1.55391 
            17.675            6.31025            2.03282            3.96718            6.02601          0.0195539                  3            3.02278            1.49402 
            17.776            6.44729            1.82876            4.17124            6.02636          0.0196618                  3            3.02301            1.51541 
            17.877            6.58511            1.65095            4.34905            6.02674          0.0197441                  3            3.02324            1.61756 
            17.978            6.71268            1.50232            4.49768            6.02713          0.0198079                  3            3.02347            1.77565 
            18.079            6.82073            1.38522            4.61478            6.02754          0.0198588                  3             3.0237            1.95224 
             18.18            6.90197            1.30144            4.69856            6.02797          0.0199013                  3            3.02393            2.10828 
            18.281            6.95125            1.25227            4.74773             6.0284          0.0199388                  3            3.02417            2.21137 
            18.382            6.96554            1.23844            4.76156            6.02883           0.019974                  3             3.0244            2.24101 
            18.483            6.94402            1.26016            4.73984            6.02927          0.0200095                  3            3.02464            2.19137 
            18.584            6.88803            1.31707            4.68293             6.0297          0.0200478                  3            3.02487            2.07202 
            18.685            6.80109            1.40827            4.59173            6.03012          0.0200917                  3            3.02511            1.90663 
            18.786            6.68885            1.53235            4.46765            6.03053          0.0201449                  3            3.02534            1.72958 
            18.887            6.55901            1.68736            4.31264            6.03092          0.0202119                  3            3.02556             1.5801 
            18.988            6.42121            1.87085            4.12915            6.03129          0.0202988                  3            3.02579            1.49338 
            19.089            6.28669            2.07971            3.92029            6.03163          0.0204126                  3            3.02602            1.48943 
             19.19             6.1677            2.31011            3.68989            6.03194          0.0205602                  3            3.02625            1.56212 
            19.291            6.07633             2.5573             3.4427            6.03223          0.0207469                  3            3.02649            1.67446 
            19.392            6.02281            2.81556            3.18444            6.03248          0.0209726                  3            3.02673            1.76787 
            19.493            6.01352            3.07846            2.92154             6.0327            0.02123                  3            3.02697            1.78651 
            19.594            6.04962            3.33952            2.66048            6.03289          0.0215054                  3             3.0272            1.70369 
            19.695            6.12715            3.59297            2.40703            6.03306          0.0217819                  3            3.02742            1.53087 
            19.796            6.23855            3.83449            2.16551            6.03321          0.0220449                  3            3.02763            1.30437 
            19.897            6.37483            4.06133            1.93867            6.03333          0.0222845                  3            3.02781            1.06391 
            19.998            6.52731            4.27223            1.72777            6.03345          0.0224964                  3            3.02797           0.838543 
            20.099            6.68865            4.46694            1.53306            6.03354          0.0226806                  3            3.02811           0.643483 
              20.2            6.85314             4.6459             1.3541            6.03363          0.0228392                  3            3.02823           0.483249 
            20.301            7.01655             4.8099             1.1901            6.03371          0.0229755                  3            3.02834           0.356138 
            20.402            7.17585            4.95988            1.04012            6.03378           0.023093                  3            3.02844           0.257684 
            20.503            7.32897            5.09678           0.903219            6.03384          0.0231948                  3            3.02852           0.182723 
            20.604            7.47449            5.22151           0.778486             6.0339          0.0232837                  3            3.02859             0.1264 
            20.705            7.61147            5.33491           0.665094            6.03396           0.023362                  3            3.02866          0.0845619 
            20.806            7.73928            5.43769           0.562305            6.03401          0.0234316                  3            3.02872          0.0538264 
            20.907            7.85755            5.53053           0.469471            6.03406          0.0234941                  3            3.02878           0.031515 
            21.008            7.96606            5.61397           0.386026             6.0341          0.0235506                  3            3.02883          0.0155418 
            21.109            8.06468            5.68852           0.311482            6.03414          0.0236023                  3            3.02887         0.00429719 
             21.21            8.15337            5.75458            0.24542            6.03419          0.0236501                  3            3.02892         0.00345351 
            21.311             8.2321            5.81252           0.187482            6.03422          0.0236946                  3            3.02896         0.00865437 
            21.412            8.30091            5.86264           0.137363            6.03426          0.0237364                  3              3.029           0.012025 
            21.513            8.35984            5.90519          0.0948119             6.0343           0.023776                  3            3.02904          0.0141119 
            21.614            8.40891            5.94038          0.0596172            6.03433          0.0238139                  3            3.02907          0.0153271 
            21.715            8.44818            5.96839          0.0316103            6.03437          0.0238504                  3            3.02911          0.0159778 
            21.816            8.47767            5.98934          0.0106592             6.0344          0.0238859                  3            3.02915          0.0162878 
            21.917            8.49743            6.00333        -0.00333344            6.03444          0.0239207                  3            3.02918          0.0164127 
            22.018            8.50747            6.01043         -0.0104317            6.03447           0.023955                  3            3.02921          0.0164514 
            22.119            8.50781            6.01067          -0.010668            6.03451          0.0239893                  3            3.02925           0.016452 
             22.22            8.49844            6.00404        -0.00404358            6.03454          0.0240236                  3            3.02928          0.0164158 
            22.321            8.47935            5.99053         0.00947174            6.03457          0.0240584                  3            3.02932          0.0162968 
            22.422            8.45052            5.97006          0.0299398            6.03461          0.0240938                  3            3.02935          0.0159991 
            22.523            8.41193            5.94254          0.0574552            6.03464          0.0241302                  3            3.02939          0.0153699 
            22.624            8.36353            5.90785          0.0921474            6.03468           0.024168                  3            3.02942          0.0141894 
            22.725            8.30529            5.86582           0.134183            6.03472          0.0242075                  3            3.02946           0.012155 
            22.826            8.23716            5.81623           0.183768            6.03475          0.0242491                  3             3.0295         0.00886054 
            22.927            8.15911            5.75885           0.241153            6.03479          0.0242933                  3            3.02954         0.00376737 
            23.028            8.07111            5.69336           0.306638            6.03483          0.0243408                  3            3.02959         0.00383428 
            23.129            7.97317            5.61942           0.380576            6.03488          0.0243922                  3            3.02963          0.0148757 
             23.23            7.86534            5.53662           0.463381            6.03492          0.0244483                  3            3.02968          0.0305756 
            23.331            7.74772            5.44446           0.555538            6.03497          0.0245103                  3            3.02974          0.0525228 
            23.432            7.62054            5.34239           0.657606            6.03502          0.0245793                  3             3.0298          0.0827785 
            23.533            7.48416            5.22977           0.770226            6.03507          0.0246568                  3            3.02986           0.123992 
            23.634            7.33917            5.10587            0.89413            6.03513          0.0247448                  3            3.02994           0.179517 
            23.735            7.18649            4.96986            1.03014            6.03519          0.0248456                  3            3.03002           0.253482 
            23.836            7.02749            4.82084            1.17916            6.03526          0.0249618                  3            3.03011           0.350739 
            23.937            6.86419            4.65787            1.34213            6.03534          0.0250966                  3            3.03022           0.476506 
            24.038            6.69953            4.47999            1.52001            6.03543          0.0252535                  3            3.03034           0.635406 
            24.139            6.53763            4.28642            1.71358            6.03552          0.0254357                  3            3.03048           0.829484 
             24.24            6.38411            4.07668            1.92332            6.03563          0.0256458                  3            3.03064            1.05481 
            24.341            6.24619            3.85092            2.14908            6.03576          0.0258837                  3            3.03082            1.29699 
            24.442            6.13248            3.61036            2.38964             6.0359          0.0261457                  3            3.03102            1.52772 
            24.543            6.05205            3.35761            2.64239            6.03606          0.0264224                  3            3.03124            1.70729 
            24.644            6.01268             3.0969             2.9031            6.03625          0.0266994                  3            3.03148            1.79797 
            24.745            6.01869            2.83389            3.16611            6.03647          0.0269599                  3            3.03172            1.78556 
            24.846            6.06933            2.57508            3.42492            6.03672          0.0271893                  3            3.03196            1.69406 
            24.947            6.15856            2.32689            3.67311              6.037            0.02738                  3            3.03219            1.57822 
            25.048            6.27637            2.09511            3.90489            6.03731          0.0275313                  3            3.03242            1.49761 
            25.149            6.41072            1.88452            4.11548            6.03765           0.027648                  3            3.03265            1.49139 
             25.25            6.54935            1.69899            4.30101            6.03802          0.0277371                  3            3.03288            1.56799 
            25.351            6.68095             1.5416             4.4584             6.0384          0.0278058                  3             3.0331            1.70922 
            25.452            6.79579            1.41481            4.58519            6.03881          0.0278601                  3            3.03333            1.88098 
            25.553            6.88607            1.32056            4.67944            6.03922          0.0279047                  3            3.03356            2.04461 
            25.654            6.94603            1.26026            4.73974            6.03965          0.0279434                  3             3.0338             2.1657 
            25.755            6.97201            1.23481            4.76519            6.04008           0.027979                  3            3.03403            2.22006 
            25.856            6.96248            1.24457            4.75543            6.04051          0.0280141                  3            3.03426            2.19712 
            25.957            6.91806            1.28939            4.71061            6.04093           0.028051                  3            3.03449            2.10121 
            26.058            6.84147            1.36855            4.63145            6.04135          0.0280925                  3            3.03472            1.95098 
            26.159            6.73756            1.48086            4.51914            6.04176          0.0281418                  3            3.03495             1.7769 
             26.26             6.6132             1.6246             4.3754            6.04215          0.0282031                  3            3.03518            1.61646 
            26.361            6.47726            1.79753            4.20247            6.04252          0.0282819                  3             3.0354            1.50665 
            26.462            6.34029            1.99686            4.00314            6.04287          0.0283847                  3            3.03563             1.4738 
            26.563            6.21414             2.2191             3.7809             6.0432          0.0285187                  3            3.03586             1.5223 
            26.664            6.11101            2.45994            3.54006            6.04349          0.0286901                  3            3.03609            1.62682 
            26.765            6.04197            2.71406            3.28594            6.04375          0.0289011                  3            3.03632            1.73544 
            26.866            6.01503            2.97533            3.02467            6.04398          0.0291474                  3            3.03656            1.78857 
            26.967            6.03345            3.23725            2.76275            6.04418          0.0294175                  3             3.0368            1.74638 
            27.068            6.09518            3.49373            2.50627            6.04436          0.0296953                  3            3.03703            1.60605 
            27.169            6.19389            3.73986            2.26014            6.04451          0.0299649                  3            3.03724            1.39645 
             27.27            6.32098             3.9723             2.0277            6.04464          0.0302143                  3            3.03743            1.15795 
            27.371            6.46754            4.18923            1.81077            6.04476          0.0304374                  3             3.0376           0.924487 
            27.472            6.62571            4.39006            1.60994            6.04486          0.0306324                  3            3.03775           0.716526 
            27.573            6.78914            4.57499            1.42501            6.04495          0.0308009                  3            3.03788           0.542316 
            27.674            6.95307             4.7447             1.2553            6.04503          0.0309457                  3            3.03799           0.402203 
            27.775            7.11404            4.90006            1.09994             6.0451          0.0310704                  3            3.03809           0.292578 
            27.876            7.26964            5.04203           0.957968            6.04517          0.0311782                  3            3.03817           0.208444 
            27.977            7.41821            5.17153           0.828468            6.04523          0.0312721                  3            3.03825           0.144794 
            28.078            7.55864            5.28942           0.710583            6.04529          0.0313544                  3            3.03832           0.097204 
            28.179             7.6902            5.39646            0.60354            6.04534          0.0314273                  3            3.03838          0.0620025 
             28.28            7.81242            5.49334            0.50666            6.04539          0.0314925                  3            3.03844          0.0362519 
            28.381            7.92502            5.58065           0.419345            6.04543          0.0315513                  3            3.03849          0.0176478 
            28.482            8.02783            5.65892            0.34108            6.04548          0.0316049                  3            3.03854         0.00440452 
            28.583            8.12079            5.72858           0.271419            6.04552          0.0316542                  3            3.03859         0.00485212 
            28.684            8.20386            5.79002           0.209981            6.04556          0.0316999                  3            3.03863          0.0111754 
            28.785            8.27706            5.84356           0.156441             6.0456          0.0317427                  3            3.03867          0.0153702 
            28.886            8.34042            5.88947           0.110526            6.04563          0.0317831                  3            3.03871          0.0180495 
            28.987            8.39398            5.92799          0.0720091            6.04567          0.0318216                  3            3.03874           0.019678 
            29.088            8.43778             5.9593           0.040704             6.0457          0.0318586                  3            3.03878          0.0206045 
            29.189            8.47185            5.98354           0.016463            6.04574          0.0318944                  3            3.03882          0.0210868 
             29.29            8.49624            6.00083       -0.000826432            6.04577          0.0319293                  3            3.03885          0.0213093 
            29.391            8.51097            6.01124         -0.0112434             6.0458          0.0319637                  3            3.03888          0.0213955 
            29.492            8.51606            6.01484         -0.0148352            6.04584          0.0319978                  3            3.03892          0.0214168 
            29.593             8.5115            6.01162         -0.0116181            6.04587          0.0320319                  3            3.03895          0.0213968 
            29.694             8.4973            6.00158        -0.00157765            6.04591          0.0320663                  3            3.03899          0.0213136 
            29.795            8.47344            5.98467          0.0153315            6.04594          0.0321012                  3            3.03902          0.0210976 
            29.896             8.4399            5.96081          0.0391867            6.04597          0.0321369                  3            3.03906          0.0206272 
            29.997            8.39664             5.9299          0.0700982            6.04601          0.0321738                  3            3.03909          0.0197204 
