               0.008                    0                    0                  249
               1.008                    0                    0                  249
               2.008                    0                    0                  249
               3.008                    0                    0                  249
               4.008                    0                    0                  249
               5.008                    0                    0                  249
               6.008                    0                    0                  249
               7.008                    0                    0                  249
               8.008                    0                    0                  249
               9.008                    0                    0                  249
              10.008                    0                    0                  249
              11.008                    0                    0                  249
              12.008                    0                    0                  249
              13.008                    0                    0                  249
              14.008                    0                    0                  249
              15.008                    0                    0                  249
              16.008                    0                    0                  249
              17.008                    0                    0                  249
              18.008                    0                    0                  249
              19.008                    0                    0                  249
              20.008                    0                    0                  249
              21.008                    0                    0                  249
              22.008                    0                    0                  249
              23.008                    0                    0                  249
              24.008                    0                    0                  249
              25.008                    0                    0                  249
              26.008                    0                    0                  249
              27.008                    0                    0                  249
              28.008                    0                    0                  249
              29.008                    0                    0                  249
              30.008                    0                    0                  249
              31.008                    0                    0                  249
              32.008                    0                    0                  249
              33.008                    0                    0                  249
              34.008                    0                    0                  249
              35.008                    0                    0                  249
              36.008                    0                    0                  249
              37.008                    0                    0                  249
              38.008                    0                    0                  249
              39.008                    0                    0                  249
              40.008                    0                    0                  249
              41.008                    0                    0                  249
              42.008                    0                    0                  249
              43.008                    0                    0                  249
              44.008                    0                    0                  249
              45.008                    0                    0                  249
              46.008                    0                    0                  249
              47.008                    0                    0                  249
              48.008                    0                    0                  249
              49.008                    0                    0                  249
              50.008                    0                    0                  249
              51.008                    0                    0                  249
              52.008                    0                    0                  249
              53.008                    0                    0                  249
              54.008                    0                    0                  249
              55.008                    0                    0                  249
              56.008                    0                    0                  249
              57.008                    0                    0                  249
              58.008                    0                    0                  249
              59.008                    0                    0                  249
              60.008                    0                    0                  249
              61.008                    0                    0                  249
              62.008                    0                    0                  249
              63.008                    0                    0                  249
              64.008                    0                    0                  249
              65.008                    0                    0                  249
              66.008                    0                    0                  249
              67.008                    0                    0                  249
              68.008                    0                    0                  249
              69.008                    0                    0                  249
              70.008                    0                    0                  249
              71.008                    0                    0                  249
              72.008                    0                    0                  249
              73.008                    0                    0                  249
              74.008                    0                    0                  249
              75.008                    0                    0                  249
              76.008                    0                    0                  249
              77.008                    0                    0                  249
              78.008                    0                    0                  249
              79.008                    0                    0                  249
              80.008                    0                    0                  249
              81.008                    0                    0                  249
              82.008                    0                    0                  249
              83.008                    0                    0                  249
              84.008                    0                    0                  249
              85.008                    0                    0                  249
              86.008                    0                    0                  249
              87.008                    0                    0                  249
              88.008                    0                    0                  249
              89.008                    0                    0                  249
              90.008                    0                    0                  249
              91.008                    0                    0                  249
              92.008                    0                    0                  249
              93.008                    0                    0                  249
              94.008                    0                    0                  249
              95.008                    0                    0                  249
              96.008                    0                    0                  249
              97.008                    0                    0                  249
              98.008                    0                    0                  249
              99.008                    0                    0                  249
             100.008                    0                    0                  249
             101.008                    0                    0                  249
             102.008                    0                    0                  249
             103.008                    0                    0                  249
             104.008                    0                    0                  249
             105.008                    0                    0                  249
             106.008                    0                    0                  249
             107.008                    0                    0                  249
             108.008                    0                    0                  249
             109.008                    0                    0                  249
             110.008                    0                    0                  249
             111.008                    0                    0                  249
             112.008                    0                    0                  249
             113.008                    0                    0                  249
             114.008                    0                    0                  249
             115.008                    0                    0                  249
             116.008                    0                    0                  249
             117.008                    0                    0                  249
             118.008                    0                    0                  249
             119.008                    0                    0                  249
             120.008                    0                    0                  249
             121.008                    0                    0                  249
             122.008                    0                    0                  249
             123.008                    0                    0                  249
             124.008                    0                    0                  249
             125.008                    0                    0                  249
             126.008                    0                    0                  249
             127.008                    0                    0                  249
             128.008                    0                    0                  249
             129.008                    0                    0                  249
             130.008                    0                    0                  249
             131.008                    0                    0                  249
             132.008                    0                    0                  249
             133.008                    0                    0                  249
             134.008                    0                    0                  249
             135.008                    0                    0                  249
             136.008                    0                    0                  249
             137.008                    0                    0                  249
             138.008                    0                    0                  249
             139.008                    0                    0                  249
             140.008                    0                    0                  249
             141.008                    0                    0                  249
             142.008                    0                    0                  249
             143.008                    0                    0                  249
             144.008                    0                    0                  249
             145.008                    0                    0                  249
             146.008                    0                    0                  249
             147.008                    0                    0                  249
             148.008                    0                    0                  249
             149.008                    0                    0                  249
             150.008                    0                    0                  249
             151.008                    0                    0                  249
             152.008                    0                    0                  249
             153.008                    0                    0                  249
             154.008                    0                    0                  249
             155.008                    0                    0                  249
             156.008                    0                    0                  249
             157.008                    0                    0                  249
             158.008                    0                    0                  249
             159.008                    0                    0                  249
             160.008                    0                    0                  249
             161.008                    0                    0                  249
             162.008                    0                    0                  249
             163.008                    0                    0                  249
             164.008                    0                    0                  249
             165.008                    0                    0                  249
             166.008                    0                    0                  249
             167.008                    0                    0                  249
             168.008                    0                    0                  249
             169.008                    0                    0                  249
             170.008                    0                    0                  249
             171.008                    0                    0                  249
             172.008                    0                    0                  249
             173.008                    0                    0                  249
             174.008                    0                    0                  249
             175.008                    0                    0                  249
             176.008                    0                    0                  249
             177.008                    0                    0                  249
             178.008                    0                    0                  249
             179.008                    0                    0                  249
             180.008                    0                    0                  249
             181.008                    0                    0                  249
             182.008                    0                    0                  249
             183.008                    0                    0                  249
             184.008                    0                    0                  249
             185.008                    0                    0                  249
             186.008                    0                    0                  249
             187.008                    0                    0                  249
             188.008                    0                    0                  249
             189.008                    0                    0                  249
             190.008                    0                    0                  249
             191.008                    0                    0                  249
             192.008                    0                    0                  249
             193.008                    0                    0                  249
             194.008                    0                    0                  249
             195.008                    0                    0                  249
             196.008                    0                    0                  249
             197.008                    0                    0                  249
             198.008                    0                    0                  249
             199.008                    0                    0                  249
             200.008                    0                    0                  249
             201.008                    0                    0                  249
             202.008                    0                    0                  249
             203.008                    0                    0                  249
             204.008                    0                    0                  249
             205.008                    0                    0                  249
             206.008                    0                    0                  249
             207.008                    0                    0                  249
             208.008                    0                    0                  249
             209.008                    0                    0                  249
             210.008                    0                    0                  249
             211.008                    0                    0                  249
             212.008                    0                    0                  249
             213.008                    0                    0                  249
             214.008                    0                    0                  249
             215.008                    0                    0                  249
             216.008                    0                    0                  249
             217.008                    0                    0                  249
             218.008                    0                    0                  249
             219.008                    0                    0                  249
             220.008                    0                    0                  249
             221.008                    0                    0                  249
             222.008                    0                    0                  249
             223.008                    0                    0                  249
             224.008                    0                    0                  249
             225.008                    0                    0                  249
             226.008                    0                    0                  249
             227.008                    0                    0                  249
             228.008                    0                    0                  249
             229.008                    0                    0                  249
             230.008                    0                    0                  249
             231.008                    0                    0                  249
             232.008                    0                    0                  249
             233.008                    0                    0                  249
             234.008                    0                    0                  249
             235.008                    0                    0                  249
             236.008                    0                    0                  249
             237.008                    0                    0                  249
             238.008                    0                    0                  249
             239.008                    0                    0                  249
             240.008                    0                    0                  249
             241.008                    0                    0                  249
             242.008                    0                    0                  249
             243.008                    0                    0                  249
             244.008                    0                    0                  249
             245.008                    0                    0                  249
             246.008                    0                    0                  249
             247.008                    0                    0                  249
             248.008                    0                    0                  249
             249.008                    0                    0                  249
             250.008                    0                    0                  249
             251.008                    0                    0                  249
             252.008                    0                    0                  249
             253.008                    0                    0                  249
             254.008                    0                    0                  249
             255.008                    0                    0                  249
             256.008                    0                    0                  249
             257.008                    0                    0                  249
             258.008                    0                    0                  249
             259.008                    0                    0                  249
             260.008                    0                    0                  249
             261.008                    0                    0                  249
             262.008                    0                    0                  249
             263.008                    0                    0                  249
             264.008                    0                    0                  249
             265.008                    0                    0                  249
             266.008                    0                    0                  249
             267.008                    0                    0                  249
             268.008                    0                    0                  249
             269.008                    0                    0                  249
             270.008                    0                    0                  249
             271.008                    0                    0                  249
             272.008                    0                    0                  249
             273.008                    0                    0                  249
             274.008                    0                    0                  249
             275.008                    0                    0                  249
             276.008                    0                    0                  249
             277.008                    0                    0                  249
             278.008                    0                    0                  249
             279.008                    0                    0                  249
             280.008                    0                    0                  249
             281.008                    0                    0                  249
             282.008                    0                    0                  249
             283.008                    0                    0                  249
             284.008                    0                    0                  249
             285.008                    0                    0                  249
             286.008                    0                    0                  249
             287.008                    0                    0                  249
             288.008                    0                    0                  249
             289.008                    0                    0                  249
             290.008                    0                    0                  249
             291.008                    0                    0                  249
             292.008                    0                    0                  249
             293.008                    0                    0                  249
             294.008                    0                    0                  249
             295.008                    0                    0                  249
             296.008                    0                    0                  249
             297.008                    0                    0                  249
             298.008                    0                    0                  249
             299.008                    0                    0                  249
