                1818 
                1780 
                1840 
                1823 
                1719 
                1816 
                1736 
                1807 
                1751 
                1835 
                1780 
                1800 
                1819 
                1825 
                1769 
                1847 
                1740 
                1825 
                1801 
                1795 
                1781 
                1807 
                1777 
                1747 
                1846 
                1833 
                1747 
                1866 
                1769 
                1835 
                1813 
                1863 
                1712 
                1829 
                1859 
                1687 
                1875 
                1710 
                1760 
                1735 
                1773 
                1771 
                1803 
                1856 
                1771 
                1729 
                1815 
                1776 
                1794 
                1845 
                1731 
                1805 
                1808 
                1852 
                1766 
                1771 
                1889 
                1849 
                1782 
                1790 
                1749 
                1800 
                1824 
                1845 
                1831 
                1796 
                1730 
                1768 
                1792 
                1800 
                1875 
                1793 
                1798 
                1845 
                1830 
                1767 
                1841 
                1795 
                1779 
                1816 
                1738 
                1734 
                1838 
                1801 
                1813 
                1853 
                1812 
                1877 
                1840 
                1856 
                1864 
                1753 
                1842 
                1856 
                1708 
                1822 
                1816 
                1794 
