                8237 
                6963 
                6264 
                5634 
                5363 
                5016 
                4963 
                4628 
                4338 
                4042 
                3968 
                3752 
                3685 
                3463 
                3379 
                3391 
                3229 
                3012 
                2992 
                2886 
                2741 
                2767 
                2620 
                2650 
                2471 
                2421 
                2410 
                2273 
                2208 
                2246 
                2084 
                2086 
                1971 
                1894 
                1810 
                1883 
                1705 
                1772 
                1709 
                1611 
                1613 
                1638 
                1577 
                1432 
                1440 
                1387 
                1329 
                1329 
                1290 
                1264 
                1195 
                1179 
                1162 
                1123 
                1047 
                1037 
                 988 
                 999 
                 960 
                 965 
                 906 
                 894 
                 872 
                 835 
                 757 
                 751 
                 757 
                 693 
                 684 
                 717 
                 578 
                 623 
                 568 
                 558 
                 566 
                 489 
                 493 
                 452 
                 436 
                 442 
                 365 
                 378 
                 372 
                 295 
                 293 
                 289 
                 249 
                 248 
                 208 
                 215 
                 180 
                 149 
                 121 
                 122 
                 109 
                  77 
                  74 
                  47 
