              100000              3.14152
              200000              3.14166
              300000              3.13904
              400000              3.14367
              500000             3.142568
              600000              3.14006
              700000            3.1404857
              800000              3.13788
              900000            3.1439378
             1000000             3.140384
             1100000            3.1418109
             1200000            3.1418433
             1300000            3.1414646
             1400000            3.1392686
             1500000            3.1423733
             1600000            3.1447225
             1700000            3.1406447
             1800000            3.1408156
             1900000            3.1403937
             2000000             3.141718
             2100000            3.1429829
             2200000            3.1405455
             2300000            3.1411252
             2400000             3.142225
             2500000            3.1412624
             2600000            3.1406738
             2700000            3.1399067
             2800000            3.1430471
             2900000            3.1410869
             3000000            3.1420453
             3100000            3.1420258
             3200000            3.1410463
             3300000            3.1410036
             3400000            3.1405235
             3500000             3.141384
             3600000            3.1418422
             3700000              3.14332
             3800000            3.1433968
             3900000             3.140679
             4000000             3.142899
             4100000            3.1429961
             4200000            3.1418733
             4300000            3.1416121
             4400000            3.1422927
             4500000            3.1414267
             4600000            3.1414148
             4700000            3.1403804
             4800000            3.1419317
             4900000            3.1429412
             5000000            3.1415968
             5100000            3.1412596
             5200000            3.1408169
             5300000              3.14288
             5400000            3.1410785
             5500000            3.1404735
             5600000            3.1411693
             5700000            3.1418126
             5800000            3.1411414
             5900000            3.1417315
             6000000            3.1412013
             6100000            3.1424249
             6200000            3.1413987
             6300000            3.1403314
             6400000            3.1414319
             6500000            3.1424283
             6600000            3.1416527
             6700000            3.1421033
             6800000            3.1407782
             6900000            3.1403565
             7000000            3.1424989
             7100000            3.1422411
             7200000            3.1418839
             7300000            3.1407764
             7400000            3.1422968
             7500000            3.1421808
             7600000            3.1406468
             7700000            3.1409153
             7800000            3.1419528
             7900000            3.1423797
             8000000            3.1418275
             8100000            3.1416928
             8200000            3.1405849
             8300000            3.1413465
             8400000            3.1405467
             8500000            3.1417289
             8600000            3.1417186
             8700000            3.1417517
             8800000            3.1420809
             8900000             3.141644
             9000000            3.1410493
             9100000            3.1417323
             9200000             3.141927
             9300000            3.1411535
             9400000            3.1411719
             9500000            3.1407663
             9600000            3.1419963
             9700000            3.1407571
             9800000            3.1415502
             9900000            3.1417729
            10000000            3.1415904
            10100000            3.1405861
            10200000            3.1424925
            10300000            3.1421328
            10400000            3.1419242
            10500000            3.1411779
            10600000            3.1417766
            10700000            3.1415383
            10800000            3.1413211
            10900000            3.1406055
            11000000            3.1416964
            11100000            3.1418252
            11200000            3.1419468
            11300000            3.1420375
            11400000            3.1418344
            11500000            3.1415927
            11600000            3.1420728
            11700000            3.1416643
            11800000            3.1424193
            11900000            3.1411862
            12000000            3.1420767
            12100000            3.1415441
            12200000            3.1419751
            12300000            3.1434943
            12400000            3.1424368
            12500000             3.141057
            12600000            3.1411057
            12700000             3.141771
            12800000            3.1416925
            12900000            3.1411991
            13000000            3.1417855
            13100000            3.1411108
            13200000            3.1416064
            13300000            3.1418746
            13400000            3.1419707
            13500000            3.1415304
            13600000            3.1405318
            13700000             3.141852
            13800000            3.1414313
            13900000            3.1413862
            14000000            3.1415606
            14100000            3.1413538
            14200000            3.1416096
            14300000            3.1422218
            14400000              3.14135
            14500000            3.1418356
            14600000            3.1417033
            14700000            3.1411788
            14800000            3.1418043
            14900000             3.141117
            15000000            3.1416144
            15100000            3.1411674
            15200000            3.1412447
            15300000             3.141885
            15400000             3.141794
            15500000            3.1413917
            15600000            3.1421087
            15700000            3.1421039
            15800000            3.1416615
            15900000            3.1420073
            16000000            3.1416498
            16100000            3.1411347
            16200000             3.141276
            16300000            3.1416518
            16400000            3.1406095
            16500000            3.1412279
            16600000            3.1413434
            16700000            3.1413866
            16800000            3.1411131
            16900000            3.1407214
            17000000            3.1419628
            17100000            3.1418131
            17200000            3.1418167
            17300000            3.1414661
            17400000            3.1413683
            17500000            3.1415749
            17600000            3.1420975
            17700000            3.1412689
            17800000            3.1415701
            17900000            3.1410197
            18000000            3.1410151
            18100000            3.1413295
            18200000            3.1421275
            18300000             3.141663
            18400000            3.1414302
            18500000            3.1413955
            18600000            3.1415043
            18700000             3.141566
            18800000            3.1414247
            18900000            3.1416724
            19000000            3.1417234
            19100000             3.142045
            19200000            3.1413929
            19300000            3.1425712
            19400000            3.1416971
            19500000            3.1414714
            19600000            3.1413055
            19700000            3.1413409
            19800000             3.141436
            19900000            3.1411636
            20000000            3.1422072
            20100000            3.1414036
            20200000            3.1416038
            20300000            3.1411606
            20400000            3.1411914
            20500000            3.1417885
            20600000            3.1413192
            20700000            3.1408636
            20800000            3.1424656
            20900000            3.1418787
            21000000            3.1413914
            21100000            3.1421964
            21200000            3.1415915
            21300000            3.1414776
            21400000            3.1420645
            21500000            3.1409109
            21600000            3.1418806
            21700000            3.1417626
            21800000            3.1416829
            21900000            3.1412663
            22000000            3.1415465
            22100000            3.1409976
