               0.101           0.99490383          -0.10082836
               0.202           0.97966728          -0.20062905
               0.303           0.95444563          -0.29838486
               0.404           0.91949595          -0.39309943
               0.505           0.87517446           -0.4838074
               0.606           0.82193291          -0.56958424
               0.707           0.76031394           -0.6495557
               0.808            0.6909456          -0.72290666
               0.909           0.61453492          -0.78888952
                1.01           0.53186069          -0.84683176
               1.111           0.44376555          -0.89614281
               1.212           0.35114742          -0.93632007
               1.313           0.25495027          -0.96695405
               1.414           0.15615458          -0.98773251
               1.515          0.055767317          -0.99844367
               1.616         -0.045188347          -0.99897836
               1.717          -0.14568344          -0.98933113
               1.818          -0.24469367          -0.96960032
               1.919          -0.34120991          -0.93998701
                2.02          -0.43424842          -0.90079304
               2.121          -0.52286093          -0.85241789
               2.222          -0.60614427          -0.79535462
               2.323          -0.68324958          -0.73018483
               2.424          -0.75339098          -0.65757275
               2.525          -0.81585358          -0.57825847
               2.626          -0.87000072          -0.49305039
               2.727          -0.91528053          -0.40281697
               2.828          -0.95123149          -0.30847791
               2.929          -0.97748719          -0.21099475
                3.03          -0.99378001          -0.11136105
               3.131           -0.9999439         -0.010592324
               3.232          -0.99591603          0.090284362
               3.333          -0.98173745           0.19024084
               3.434          -0.95755267           0.28825832
               3.535           -0.9236082           0.38333778
               3.636          -0.88025001           0.47451013
               3.737          -0.82792002           0.56084611
               3.838          -0.76715159           0.64146577
               3.939           -0.6985641           0.71554739
                4.04          -0.62285662           0.78233591
               4.141          -0.54080077           0.84115061
               4.242           -0.4532329           0.89139203
               4.343          -0.36104553           0.93254807
               4.444          -0.26517826           0.96419928
               4.545          -0.16660821           0.98602305
               4.646          -0.06634003           0.99779695
               4.747          0.034604307           0.99940097
               4.848           0.13519595           0.99081876
               4.949           0.23440962           0.97213779
                5.05           0.33123412           0.94354848
               5.151           0.42468257           0.90534221
               5.252           0.51380251           0.85790839
               5.353            0.5976856           0.80173048
               5.454           0.67547689           0.73738106
               5.555           0.74638349           0.66551602
               5.656           0.80968271           0.58686781
               5.757           0.86472936           0.50223806
               5.858           0.91096241           0.41248932
               5.959           0.94791063           0.31853636
                6.06           0.97519743           0.22133677
               6.161           0.99254469           0.12188124
               6.262           0.99977561          0.021183459
               6.363           0.99681648         -0.079730232
               6.464           0.98369746          -0.17983129
               6.565           0.96055228          -0.27809944
               6.666           0.92761683          -0.37353311
               6.767            0.8852268          -0.46515961
               6.868           0.83381424          -0.55204505
               6.969           0.77390317          -0.63330386
                7.07           0.70610423          -0.70810783
               7.171           0.63110843          -0.77569453
               7.272           0.54968017          -0.83537509
               7.373           0.46264938          -0.88654123
               7.474           0.37090312          -0.92867145
               7.575            0.2753765          -0.96133634
               7.676           0.17704314          -0.98420297
               7.777          0.076905299          -0.99703828
               7.878         -0.024016385          -0.99971144
               7.979          -0.12469329          -0.99219521
                8.08          -0.22409927           -0.9745662
               8.181          -0.32122116          -0.94700409
               8.282          -0.41506906          -0.90978979
               8.383          -0.50468644          -0.86330262
               8.484          -0.58915988          -0.80801638
               8.585          -0.66762842          -0.74449457
               8.686          -0.73929226          -0.67338462
               8.787          -0.80342099          -0.59541131
               8.888          -0.85936098          -0.51136937
               8.989          -0.90654209          -0.42211539
                9.09          -0.94448341          -0.32855907
               9.191          -0.97279825          -0.23165396
               9.292            -0.991198          -0.13238776
               9.393          -0.99949514         -0.031772217
               9.494          -0.99760508          0.069167157
               9.595          -0.98554711           0.16940156
               9.696          -0.96344411           0.26790936
               9.797          -0.93152137           0.36368654
               9.898          -0.89010426           0.45575691
               9.999           -0.8396149           0.54318205
                10.1          -0.78056792            0.6250709
              10.201          -0.71356512           0.70058882
              10.302          -0.63928944            0.7689661
              10.403           -0.5584979           0.82950583
              10.504          -0.47201396           0.88159096
              10.605          -0.38071911           0.92469062
              10.706          -0.28554384           0.95836553
              10.807          -0.18745821           0.98227246
              10.908         -0.087461939           0.99616774
              11.009          0.013425768           0.99990975
               11.11           0.11417664           0.99346034
              11.211           0.21376378           0.97688526
              11.312           0.31117217           0.95035344
              11.413           0.40540899            0.9141353
              11.514           0.49551374           0.86859999
              11.615           0.58056806           0.81421162
              11.716           0.65970503           0.75152454
              11.817           0.73211807           0.68117766
              11.918           0.79706912             0.603888
              12.019           0.85389618           0.52044332
               12.12           0.90202004            0.4316941
              12.221           0.94095022           0.33854491
              12.322           0.97028992           0.24194516
              12.423            0.9897401           0.14287942
              12.524           0.99910252          0.042357411
              12.625           0.99828176          -0.05859632
              12.726           0.98728618          -0.15895282
              12.827           0.96622785          -0.25768922
              12.928            0.9353214          -0.35379916
              13.029           0.89488185          -0.44630307
               13.13           0.84532136           -0.5342581
              13.231           0.78714508           -0.6167678
              13.332           0.72094596           -0.6929912
              13.433           0.64739871           -0.7621514
              13.534           0.56725296          -0.82354351
              13.635           0.48132558          -0.87654178
              13.736           0.39049237          -0.92060605
              13.837           0.29567914          -0.95528719
              13.938           0.19785224          -0.98023173
              14.039          0.098008767          -0.99518543
               14.14        -0.0028336442          -0.99999586
              14.241          -0.10364717            -0.994614
              14.342           -0.2034043          -0.97909471
              14.443          -0.30108826          -0.95359616
              14.544          -0.39570342          -0.91837824
              14.645          -0.48628545           -0.8737999
              14.746          -0.57191109          -0.82031551
              14.847          -0.65170763          -0.75847019
              14.948          -0.72486174          -0.68889428
              15.049          -0.79062783          -0.61229694
               15.15          -0.84833557          -0.52945886
              15.251           -0.8973968          -0.44122437
              15.352          -0.93731145          -0.34849277
              15.453          -0.96767272          -0.25220921
              15.554          -0.98817115          -0.15335505
              15.655          -0.99859781         -0.052937852
              15.756          -0.99884643           0.04801891
              15.857          -0.98891447           0.14848625
              15.958          -0.96890317           0.24744016
              16.059          -0.93901648           0.34387209
               16.16          -0.89955903           0.43679915
              16.261          -0.85093298           0.52527421
              16.362          -0.79363393           0.60839551
              16.463           -0.7282459           0.68531583
              16.564          -0.65543535           0.75525119
              16.665          -0.57594438           0.81748878
              16.766           -0.4905832           0.87139425
              16.867          -0.40022183           0.91641818
              16.968          -0.30578126           0.95210167
              17.069          -0.20822407           0.97808103
               17.17           -0.1085446           0.99409146
              17.271        -0.0077587973           0.99996978
              17.372          0.093106083           0.99565607
              17.473           0.19302199           0.98119431
              17.574           0.29097056           0.95673189
              17.675           0.38595346           0.92251814
              17.776           0.47700259           0.87890178
              17.877           0.56318996           0.82632736
              17.978            0.6436371           0.76533073
              18.079           0.71752409           0.69653361
               18.18           0.78409783           0.62063718
              18.281           0.84267978           0.53841501
              18.382           0.89267286           0.45070513
              18.483           0.93356752           0.35840152
              18.584           0.96494695           0.26244496
              18.685           0.98649133           0.16381348
              18.786           0.99798105          0.063512354
              18.887           0.99929902         -0.037436111
              18.988           0.99043181          -0.13800301
              19.089           0.97146978          -0.23716335
               19.19           0.94260621          -0.33390643
              19.291           0.90413529          -0.42724623
              19.392           0.85644912          -0.51623139
              19.493           0.80003373          -0.59995495
              19.594           0.73546413          -0.67756357
              19.695           0.66339845          -0.74826624
              19.796           0.58457118          -0.81134233
              19.897           0.49978577          -0.86614895
              19.998           0.40990637          -0.91212749
