   0.10000000    1.02000000 
   0.20000000    1.04060400 
   0.30000000    1.06162420 
   0.40000000    1.08306901 
   0.50000000    1.10494700 
   0.60000000    1.12726693 
   0.70000000    1.15003773 
   0.80000000    1.17326849 
   0.90000000    1.19696851 
   1.00000000    1.22114727 
   1.10000000    1.24581445 
   1.20000000    1.27097990 
   1.30000000    1.29665370 
   1.40000000    1.32284610 
   1.50000000    1.34956759 
   1.60000000    1.37682886 
   1.70000000    1.40464080 
   1.80000000    1.43301454 
   1.90000000    1.46196144 
   2.00000000    1.49149306 
   2.10000000    1.52162122 
   2.20000000    1.55235797 
   2.30000000    1.58371560 
   2.40000000    1.61570665 
   2.50000000    1.64834393 
   2.60000000    1.68164047 
   2.70000000    1.71560961 
   2.80000000    1.75026493 
   2.90000000    1.78562028 
   3.00000000    1.82168981 
   3.10000000    1.85848794 
   3.20000000    1.89602940 
   3.30000000    1.93432919 
   3.40000000    1.97340264 
   3.50000000    2.01326537 
   3.60000000    2.05393334 
   3.70000000    2.09542279 
   3.80000000    2.13775033 
   3.90000000    2.18093289 
   4.00000000    2.22498773 
   4.10000000    2.26993248 
   4.20000000    2.31578512 
   4.30000000    2.36256398 
   4.40000000    2.41028777 
   4.50000000    2.45897558 
   4.60000000    2.50864689 
   4.70000000    2.55932156 
   4.80000000    2.61101985 
   4.90000000    2.66376245 
   5.00000000    2.71757046 
   5.10000000    2.77246538 
   5.20000000    2.82846918 
   5.30000000    2.88560426 
   5.40000000    2.94389346 
   5.50000000    3.00336011 
   5.60000000    3.06402798 
   5.70000000    3.12592135 
   5.80000000    3.18906496 
   5.90000000    3.25348407 
   6.00000000    3.31920445 
   6.10000000    3.38625238 
   6.20000000    3.45465468 
   6.30000000    3.52443870 
   6.40000000    3.59563237 
   6.50000000    3.66826414 
   6.60000000    3.74236308 
   6.70000000    3.81795881 
   6.80000000    3.89508158 
   6.90000000    3.97376223 
   7.00000000    4.05403222 
   7.10000000    4.13592367 
   7.20000000    4.21946933 
   7.30000000    4.30470261 
   7.40000000    4.39165760 
   7.50000000    4.48036909 
   7.60000000    4.57087254 
   7.70000000    4.66320417 
   7.80000000    4.75740089 
   7.90000000    4.85350039 
   8.00000000    4.95154110 
   8.10000000    5.05156223 
   8.20000000    5.15360379 
   8.30000000    5.25770658 
   8.40000000    5.36391226 
   8.50000000    5.47226328 
   8.60000000    5.58280300 
   8.70000000    5.69557562 
   8.80000000    5.81062625 
   8.90000000    5.92800090 
   9.00000000    6.04774652 
   9.10000000    6.16991100 
   9.20000000    6.29454320 
   9.30000000    6.42169297 
   9.40000000    6.55141117 
   9.50000000    6.68374968 
   9.60000000    6.81876142 
   9.70000000    6.95650040 
   9.80000000    7.09702171 
   9.90000000    7.24038155 
  10.00000000    7.38663725 
  10.10000000    7.53584733 
  10.20000000    7.68807144 
  10.30000000    7.84337049 
  10.40000000    8.00180657 
  10.50000000    8.16344306 
  10.60000000    8.32834461 
  10.70000000    8.49657717 
  10.80000000    8.66820803 
  10.90000000    8.84330584 
  11.00000000    9.02194061 
  11.10000000    9.20418381 
  11.20000000    9.39010833 
  11.30000000    9.57978851 
  11.40000000    9.77330024 
  11.50000000    9.97072091 
  11.60000000   10.17212947 
  11.70000000   10.37760649 
  11.80000000   10.58723414 
  11.90000000   10.80109627 
  12.00000000   11.01927841 
  12.10000000   11.24186783 
  12.20000000   11.46895356 
  12.30000000   11.70062643 
  12.40000000   11.93697908 
  12.50000000   12.17810606 
  12.60000000   12.42410380 
  12.70000000   12.67507070 
  12.80000000   12.93110713 
  12.90000000   13.19231549 
  13.00000000   13.45880026 
  13.10000000   13.73066803 
  13.20000000   14.00802752 
  13.30000000   14.29098968 
  13.40000000   14.57966767 
  13.50000000   14.87417696 
  13.60000000   15.17463533 
  13.70000000   15.48116296 
  13.80000000   15.79388246 
  13.90000000   16.11291888 
  14.00000000   16.43839984 
  14.10000000   16.77045552 
  14.20000000   17.10921872 
  14.30000000   17.45482494 
  14.40000000   17.80741240 
  14.50000000   18.16712213 
  14.60000000   18.53409800 
  14.70000000   18.90848678 
  14.80000000   19.29043821 
  14.90000000   19.68010507 
  15.00000000   20.07764319 
  15.10000000   20.48321158 
  15.20000000   20.89697245 
  15.30000000   21.31909130 
  15.40000000   21.74973694 
  15.50000000   22.18908163 
  15.60000000   22.63730108 
  15.70000000   23.09457456 
  15.80000000   23.56108496 
  15.90000000   24.03701888 
  16.00000000   24.52256666 
  16.10000000   25.01792251 
  16.20000000   25.52328454 
  16.30000000   26.03885489 
  16.40000000   26.56483976 
  16.50000000   27.10144952 
  16.60000000   27.64889880 
  16.70000000   28.20740656 
  16.80000000   28.77719617 
  16.90000000   29.35849553 
  17.00000000   29.95153714 
  17.10000000   30.55655819 
  17.20000000   31.17380067 
  17.30000000   31.80351144 
  17.40000000   32.44594237 
  17.50000000   33.10135041 
  17.60000000   33.76999769 
  17.70000000   34.45215164 
  17.80000000   35.14808511 
  17.90000000   35.85807642 
  18.00000000   36.58240957 
  18.10000000   37.32137424 
  18.20000000   38.07526600 
  18.30000000   38.84438637 
  18.40000000   39.62904298 
  18.50000000   40.42954965 
  18.60000000   41.24622655 
  18.70000000   42.07940033 
  18.80000000   42.92940421 
  18.90000000   43.79657818 
  19.00000000   44.68126906 
  19.10000000   45.58383069 
  19.20000000   46.50462407 
  19.30000000   47.44401748 
  19.40000000   48.40238663 
  19.50000000   49.38011484 
  19.60000000   50.37759316 
  19.70000000   51.39522054 
  19.80000000   52.43340400 
  19.90000000   53.49255876 
  20.00000000   54.57310845 
  20.10000000   55.67548524 
  20.20000000   56.80013004 
  20.30000000   57.94749267 
  20.40000000   59.11803202 
  20.50000000   60.31221626 
  20.60000000   61.53052303 
  20.70000000   62.77343960 
  20.80000000   64.04146308 
  20.90000000   65.33510063 
  21.00000000   66.65486966 
  21.10000000   68.00129803 
  21.20000000   69.37492425 
  21.30000000   70.77629772 
  21.40000000   72.20597894 
  21.50000000   73.66453971 
  21.60000000   75.15256341 
  21.70000000   76.67064519 
  21.80000000   78.21939223 
  21.90000000   79.79942395 
  22.00000000   81.41137231 
  22.10000000   83.05588203 
  22.20000000   84.73361085 
  22.30000000   86.44522979 
  22.40000000   88.19142343 
  22.50000000   89.97289019 
  22.60000000   91.79034257 
  22.70000000   93.64450749 
  22.80000000   95.53612654 
  22.90000000   97.46595629 
  23.00000000   99.43476861 
  23.10000000  101.44335094 
  23.20000000  103.49250663 
  23.30000000  105.58305526 
  23.40000000  107.71583298 
  23.50000000  109.89169280 
  23.60000000  112.11150500 
  23.70000000  114.37615740 
  23.80000000  116.68655578 
  23.90000000  119.04362420 
  24.00000000  121.44830541 
  24.10000000  123.90156118 
  24.20000000  126.40437272 
  24.30000000  128.95774105 
  24.40000000  131.56268742 
  24.50000000  134.22025370 
  24.60000000  136.93150283 
  24.70000000  139.69751918 
  24.80000000  142.51940907 
  24.90000000  145.39830114 
  25.00000000  148.33534682 
  25.10000000  151.33172082 
  25.20000000  154.38862158 
  25.30000000  157.50727174 
  25.40000000  160.68891863 
  25.50000000  163.93483479 
  25.60000000  167.24631845 
  25.70000000  170.62469408 
  25.80000000  174.07131290 
  25.90000000  177.58755342 
  26.00000000  181.17482200 
  26.10000000  184.83455341 
  26.20000000  188.56821138 
  26.30000000  192.37728925 
  26.40000000  196.26331050 
  26.50000000  200.22782937 
  26.60000000  204.27243152 
  26.70000000  208.39873464 
  26.80000000  212.60838908 
  26.90000000  216.90307854 
  27.00000000  221.28452073 
  27.10000000  225.75446804 
  27.20000000  230.31470830 
  27.30000000  234.96706541 
  27.40000000  239.71340013 
  27.50000000  244.55561081 
  27.60000000  249.49563415 
  27.70000000  254.53544596 
  27.80000000  259.67706197 
  27.90000000  264.92253862 
  28.00000000  270.27397390 
  28.10000000  275.73350817 
  28.20000000  281.30332504 
  28.30000000  286.98565220 
  28.40000000  292.78276238 
  28.50000000  298.69697418 
  28.60000000  304.73065305 
  28.70000000  310.88621225 
  28.80000000  317.16611373 
  28.90000000  323.57286923 
  29.00000000  330.10904119 
  29.10000000  336.77724382 
  29.20000000  343.58014415 
  29.30000000  350.52046306 
  29.40000000  357.60097641 
  29.50000000  364.82451614 
  29.60000000  372.19397136 
  29.70000000  379.71228958 
  29.80000000  387.38247783 
  29.90000000  395.20760389 
  30.00000000  403.19079748 
  30.10000000  411.33525159 
  30.20000000  419.64422368 
  30.30000000  428.12103699 
  30.40000000  436.76908194 
  30.50000000  445.59181740 
  30.60000000  454.59277211 
  30.70000000  463.77554610 
  30.80000000  473.14381214 
  30.90000000  482.70131714 
  31.00000000  492.45188375 
  31.10000000  502.39941180 
  31.20000000  512.54787992 
  31.30000000  522.90134709 
  31.40000000  533.46395430 
  31.50000000  544.23992618 
  31.60000000  555.23357269 
  31.70000000  566.44929086 
  31.80000000  577.89156653 
  31.90000000  589.56497618 
  32.00000000  601.47418869 
  32.10000000  613.62396731 
  32.20000000  626.01917145 
  32.30000000  638.66475871 
  32.40000000  651.56578683 
  32.50000000  664.72741573 
  32.60000000  678.15490953 
  32.70000000  691.85363870 
  32.80000000  705.82908220 
  32.90000000  720.08682966 
  33.00000000  734.63258362 
  33.10000000  749.47216181 
  33.20000000  764.61149948 
  33.30000000  780.05665177 
  33.40000000  795.81379613 
  33.50000000  811.88923481 
  33.60000000  828.28939736 
  33.70000000  845.02084318 
  33.80000000  862.09026422 
  33.90000000  879.50448755 
  34.00000000  897.27047820 
  34.10000000  915.39534186 
  34.20000000  933.88632777 
  34.30000000  952.75083159 
  34.40000000  971.99639839 
  34.50000000  991.63072563 
  34.60000000 1011.66166629 
  34.70000000 1032.09723195 
  34.80000000 1052.94559604 
  34.90000000 1074.21509708 
  35.00000000 1095.91424204 
  35.10000000 1118.05170973 
  35.20000000 1140.63635426 
  35.30000000 1163.67720862 
  35.40000000 1187.18348823 
  35.50000000 1211.16459470 
  35.60000000 1235.63011951 
  35.70000000 1260.58984792 
  35.80000000 1286.05376285 
  35.90000000 1312.03204886 
  36.00000000 1338.53509625 
  36.10000000 1365.57350519 
  36.20000000 1393.15809000 
  36.30000000 1421.29988341 
  36.40000000 1450.01014106 
  36.50000000 1479.30034591 
  36.60000000 1509.18221290 
  36.70000000 1539.66769360 
  36.80000000 1570.76898101 
  36.90000000 1602.49851442 
  37.00000000 1634.86898442 
  37.10000000 1667.89333790 
  37.20000000 1701.58478333 
  37.30000000 1735.95679595 
  37.40000000 1771.02312323 
  37.50000000 1806.79779032 
  37.60000000 1843.29510568 
  37.70000000 1880.52966682 
  37.80000000 1918.51636609 
  37.90000000 1957.27039668 
  38.00000000 1996.80725869 
  38.10000000 2037.14276532 
  38.20000000 2078.29304918 
  38.30000000 2120.27456877 
  38.40000000 2163.10411506 
  38.50000000 2206.79881819 
  38.60000000 2251.37615431 
  38.70000000 2296.85395263 
  38.80000000 2343.25040247 
  38.90000000 2390.58406060 
  39.00000000 2438.87385863 
  39.10000000 2488.13911057 
  39.20000000 2538.39952060 
  39.30000000 2589.67519092 
  39.40000000 2641.98662978 
  39.50000000 2695.35475970 
  39.60000000 2749.80092584 
  39.70000000 2805.34690455 
  39.80000000 2862.01491202 
  39.90000000 2919.82761324 
  40.00000000 2978.80813103 
  40.10000000 3038.98005528 
  40.20000000 3100.36745239 
  40.30000000 3162.99487493 
  40.40000000 3226.88737140 
  40.50000000 3292.07049631 
  40.60000000 3358.57032033 
  40.70000000 3426.41344080 
  40.80000000 3495.62699231 
  40.90000000 3566.23865755 
  41.00000000 3638.27667843 
  41.10000000 3711.76986734 
  41.20000000 3786.74761866 
  41.30000000 3863.23992056 
  41.40000000 3941.27736695 
  41.50000000 4020.89116976 
  41.60000000 4102.11317139 
  41.70000000 4184.97585745 
  41.80000000 4269.51236978 
  41.90000000 4355.75651964 
  42.00000000 4443.74280134 
  42.10000000 4533.50640593 
  42.20000000 4625.08323533 
  42.30000000 4718.50991668 
  42.40000000 4813.82381700 
  42.50000000 4911.06305810 
  42.60000000 5010.26653188 
  42.70000000 5111.47391582 
  42.80000000 5214.72568892 
  42.90000000 5320.06314784 
  43.00000000 5427.52842342 
  43.10000000 5537.16449757 
  43.20000000 5649.01522043 
  43.30000000 5763.12532788 
  43.40000000 5879.54045950 
  43.50000000 5998.30717678 
  43.60000000 6119.47298175 
  43.70000000 6243.08633599 
  43.80000000 6369.19667997 
  43.90000000 6497.85445291 
  44.00000000 6629.11111286 
  44.10000000 6763.01915734 
  44.20000000 6899.63214432 
  44.30000000 7039.00471363 
  44.40000000 7181.19260885 
  44.50000000 7326.25269954 
  44.60000000 7474.24300408 
  44.70000000 7625.22271276 
  44.80000000 7779.25221156 
  44.90000000 7936.39310623 
  45.00000000 8096.70824697 
  45.10000000 8260.26175356 
  45.20000000 8427.11904099 
  45.30000000 8597.34684561 
  45.40000000 8771.01325189 
  45.50000000 8948.18771958 
  45.60000000 9128.94111152 
  45.70000000 9313.34572197 
  45.80000000 9501.47530555 
  45.90000000 9693.40510673 
  46.00000000 9889.21188988 
  46.10000000 10088.97397006 
  46.20000000 10292.77124425 
  46.30000000 10500.68522339 
  46.40000000 10712.79906490 
  46.50000000 10929.19760601 
  46.60000000 11149.96739765 
  46.70000000 11375.19673908 
  46.80000000 11604.97571321 
  46.90000000 11839.39622262 
  47.00000000 12078.55202632 
  47.10000000 12322.53877725 
  47.20000000 12571.45406055 
  47.30000000 12825.39743257 
  47.40000000 13084.47046071 
  47.50000000 13348.77676402 
  47.60000000 13618.42205465 
  47.70000000 13893.51418016 
  47.80000000 14174.16316659 
  47.90000000 14460.48126256 
  48.00000000 14752.58298406 
  48.10000000 15050.58516034 
  48.20000000 15354.60698058 
  48.30000000 15664.77004159 
  48.40000000 15981.19839643 
  48.50000000 16304.01860404 
  48.60000000 16633.35977984 
  48.70000000 16969.35364739 
  48.80000000 17312.13459107 
  48.90000000 17661.83970981 
  49.00000000 18018.60887194 
  49.10000000 18382.58477116 
  49.20000000 18753.91298354 
  49.30000000 19132.74202580 
  49.40000000 19519.22341472 
  49.50000000 19913.51172770 
  49.60000000 20315.76466460 
  49.70000000 20726.14311083 
  49.80000000 21144.81120166 
  49.90000000 21571.93638794 
  50.00000000 22007.68950297 
  50.10000000 22452.24483093 
  50.20000000 22905.78017652 
  50.30000000 23368.47693609 
  50.40000000 23840.52017019 
  50.50000000 24322.09867763 
  50.60000000 24813.40507092 
  50.70000000 25314.63585335 
  50.80000000 25825.99149759 
  50.90000000 26347.67652584 
  51.00000000 26879.89959166 
  51.10000000 27422.87356342 
  51.20000000 27976.81560940 
  51.30000000 28541.94728471 
  51.40000000 29118.49461986 
  51.50000000 29706.68821118 
  51.60000000 30306.76331304 
  51.70000000 30918.95993197 
  51.80000000 31543.52292259 
  51.90000000 32180.70208563 
  52.00000000 32830.75226776 
  52.10000000 33493.93346357 
  52.20000000 34170.51091953 
  52.30000000 34860.75524011 
  52.40000000 35564.94249596 
  52.50000000 36283.35433438 
  52.60000000 37016.27809193 
  52.70000000 37764.00690939 
  52.80000000 38526.83984896 
  52.90000000 39305.08201391 
  53.00000000 40099.04467059 
  53.10000000 40909.04537293 
  53.20000000 41735.40808947 
  53.30000000 42578.46333287 
  53.40000000 43438.54829220 
  53.50000000 44316.00696770 
  53.60000000 45211.19030845 
  53.70000000 46124.45635268 
  53.80000000 47056.17037100 
  53.90000000 48006.70501250 
  54.00000000 48976.44045375 
  54.10000000 49965.76455091 
  54.20000000 50975.07299484 
  54.30000000 52004.76946934 
  54.40000000 53055.26581262 
  54.50000000 54126.98218203 
  54.60000000 55220.34722211 
  54.70000000 56335.79823600 
  54.80000000 57473.78136036 
  54.90000000 58634.75174384 
  55.00000000 59819.17372907 
  55.10000000 61027.52103840 
  55.20000000 62260.27696337 
  55.30000000 63517.93455803 
  55.40000000 64800.99683610 
  55.50000000 66109.97697219 
  55.60000000 67445.39850703 
  55.70000000 68807.79555687 
  55.80000000 70197.71302712 
  55.90000000 71615.70683027 
  56.00000000 73062.34410824 
  56.10000000 74538.20345923 
  56.20000000 76043.87516911 
  56.30000000 77579.96144752 
  56.40000000 79147.07666876 
  56.50000000 80745.84761747 
  56.60000000 82376.91373934 
  56.70000000 84040.92739688 
  56.80000000 85738.55413030 
  56.90000000 87470.47292373 
  57.00000000 89237.37647679 
  57.10000000 91039.97148162 
  57.20000000 92878.97890555 
  57.30000000 94755.13427944 
  57.40000000 96669.18799188 
  57.50000000 98621.90558932 
  57.60000000 100614.06808222 
  57.70000000 102646.47225748 
  57.80000000 104719.93099709 
  57.90000000 106835.27360323 
  58.00000000 108993.34613001 
  58.10000000 111195.01172184 
  58.20000000 113441.15095862 
  58.30000000 115732.66220798 
  58.40000000 118070.46198458 
  58.50000000 120455.48531667 
  58.60000000 122888.68612007 
  58.70000000 125371.03757969 
  58.80000000 127903.53253880 
  58.90000000 130487.18389609 
  59.00000000 133123.02501079 
  59.10000000 135812.11011601 
  59.20000000 138555.51474035 
  59.30000000 141354.33613811 
  59.40000000 144209.69372810 
  59.50000000 147122.72954140 
  59.60000000 150094.60867814 
  59.70000000 153126.51977344 
  59.80000000 156219.67547286 
  59.90000000 159375.31291741 
  60.00000000 162594.69423835 
  60.10000000 165879.10706196 
  60.20000000 169229.86502461 
  60.30000000 172648.30829811 
  60.40000000 176135.80412573 
  60.50000000 179693.74736907 
  60.60000000 183323.56106593 
  60.70000000 187026.69699946 
  60.80000000 190804.63627885 
  60.90000000 194658.88993168 
  61.00000000 198590.99950830 
  61.10000000 202602.53769837 
  61.20000000 206695.10895987 
  61.30000000 210870.35016086 
  61.40000000 215129.93123411 
  61.50000000 219475.55584504 
  61.60000000 223908.96207311 
  61.70000000 228431.92310699 
  61.80000000 233046.24795375 
  61.90000000 237753.78216241 
  62.00000000 242556.40856210 
  62.10000000 247456.04801505 
  62.20000000 252454.66018495 
  62.30000000 257554.24432069 
  62.40000000 262756.84005597 
  62.50000000 268064.52822510 
  62.60000000 273479.43169525 
  62.70000000 279003.71621549 
  62.80000000 284639.59128304 
  62.90000000 290389.31102696 
  63.00000000 296255.17510970 
  63.10000000 302239.52964692 
  63.20000000 308344.76814579 
  63.30000000 314573.33246233 
  63.40000000 320927.71377807 
  63.50000000 327410.45359639 
  63.60000000 334024.14475904 
  63.70000000 340771.43248317 
  63.80000000 347655.01541933 
  63.90000000 354677.64673080 
  64.00000000 361842.13519476 
  64.10000000 369151.34632570 
  64.20000000 376608.20352147 
  64.30000000 384215.68923261 
  64.40000000 391976.84615511 
  64.50000000 399894.77844744 
  64.60000000 407972.65297208 
  64.70000000 416213.70056211 
  64.80000000 424621.21731347 
  64.90000000 433198.56590320 
  65.00000000 441949.17693445 
  65.10000000 450876.55030852 
  65.20000000 459984.25662475 
  65.30000000 469275.93860857 
  65.40000000 478755.31256847 
  65.50000000 488426.16988235 
  65.60000000 498292.37851397 
  65.70000000 508357.88455996 
  65.80000000 518626.71382807 
  65.90000000 529102.97344739 
  66.00000000 539790.85351103 
  66.10000000 550694.62875195 
  66.20000000 561818.66025274 
  66.30000000 573167.39718985 
  66.40000000 584745.37861308 
  66.50000000 596557.23526107 
  66.60000000 608607.69141334 
  66.70000000 620901.56677989 
  66.80000000 633443.77842884 
  66.90000000 646239.34275311 
  67.00000000 659293.37747672 
  67.10000000 672611.10370175 
  67.20000000 686197.84799653 
  67.30000000 700059.04452605 
  67.40000000 714200.23722548 
  67.50000000 728627.08201744 
  67.60000000 743345.34907419 
  67.70000000 758360.92512549 
  67.80000000 773679.81581302 
  67.90000000 789308.14809244 
  68.00000000 805252.17268391 
  68.10000000 821518.26657213 
  68.20000000 838112.93555688 
  68.30000000 855042.81685513 
  68.40000000 872314.68175561 
  68.50000000 889935.43832707 
  68.60000000 907912.13418128 
  68.70000000 926251.95929174 
  68.80000000 944962.24886943 
  68.90000000 964050.48629659 
  69.00000000 983524.30611979 
  69.10000000 1003391.49710341 
  69.20000000 1023660.00534489 
  69.30000000 1044337.93745286 
  69.40000000 1065433.56378941 
  69.50000000 1086955.32177795 
  69.60000000 1108911.81927787 
  69.70000000 1131311.83802728 
  69.80000000 1154164.33715543 
  69.90000000 1177478.45676597 
  70.00000000 1201263.52159265 
  70.10000000 1225529.04472882 
  70.20000000 1250284.73143234 
  70.30000000 1275540.48300727 
  70.40000000 1301306.40076402 
  70.50000000 1327592.79005945 
  70.60000000 1354410.16441865 
  70.70000000 1381769.24973991 
  70.80000000 1409680.98858466 
  70.90000000 1438156.54455407 
  71.00000000 1467207.30675406 
  71.10000000 1496844.89435049 
  71.20000000 1527081.16121637 
  71.30000000 1557928.20067294 
  71.40000000 1589398.35032654 
  71.50000000 1621504.19700313 
  71.60000000 1654258.58178259 
  71.70000000 1687674.60513460 
  71.80000000 1721765.63215832 
  71.90000000 1756545.29792792 
  72.00000000 1792027.51294606 
  72.10000000 1828226.46870757 
  72.20000000 1865156.64337547 
  72.30000000 1902832.80757165 
  72.40000000 1941270.03028460 
  72.50000000 1980483.68489635 
  72.60000000 2020489.45533125 
  72.70000000 2061303.34232895 
  72.80000000 2102941.66984399 
  72.90000000 2145421.09157484 
  73.00000000 2188758.59762465 
  73.10000000 2232971.52129667 
  73.20000000 2278077.54602686 
  73.30000000 2324094.71245660 
  73.40000000 2371041.42564823 
  73.50000000 2418936.46244632 
  73.60000000 2467798.97898774 
  73.70000000 2517648.51836329 
  73.80000000 2568505.01843423 
  73.90000000 2620388.81980660 
  74.00000000 2673320.67396669 
  74.10000000 2727321.75158082 
  74.20000000 2782413.65096275 
  74.30000000 2838618.40671220 
  74.40000000 2895958.49852779 
  74.50000000 2954456.86019805 
  74.60000000 3014136.88877405 
  74.70000000 3075022.45392728 
  74.80000000 3137137.90749662 
  74.90000000 3200508.09322805 
  75.00000000 3265158.35671125 
  75.10000000 3331114.55551682 
  75.20000000 3398403.06953826 
  75.30000000 3467050.81154293 
  75.40000000 3537085.23793610 
  75.50000000 3608534.35974241 
  75.60000000 3681426.75380921 
  75.70000000 3755791.57423615 
  75.80000000 3831658.56403572 
  75.90000000 3909058.06702925 
  76.00000000 3988021.03998324 
  76.10000000 4068579.06499090 
  76.20000000 4150764.36210371 
  76.30000000 4234609.80221821 
  76.40000000 4320148.92022302 
  76.50000000 4407415.92841152 
  76.60000000 4496445.73016543 
  76.70000000 4587273.93391478 
  76.80000000 4679936.86737985 
  76.90000000 4774471.59210093 
  77.00000000 4870915.91826137 
  77.10000000 4969308.41981025 
  77.20000000 5069688.44989041 
  77.30000000 5172096.15657820 
  77.40000000 5276572.49894108 
  77.50000000 5383159.26341969 
  77.60000000 5491899.08054077 
  77.70000000 5602835.44196769 
  77.80000000 5716012.71789544 
  77.90000000 5831476.17479693 
  78.00000000 5949271.99352782 
  78.10000000 6069447.28779709 
  78.20000000 6192050.12301059 
  78.30000000 6317129.53549540 
  78.40000000 6444735.55211241 
  78.50000000 6574919.21026508 
  78.60000000 6707732.57831243 
  78.70000000 6843228.77639434 
  78.80000000 6981461.99767751 
  78.90000000 7122487.53003060 
  79.00000000 7266361.77813721 
  79.10000000 7413142.28605559 
  79.20000000 7562887.76023391 
  79.30000000 7715658.09299063 
  79.40000000 7871514.38646904 
  79.50000000 8030518.97707572 
  79.60000000 8192735.46041265 
  79.70000000 8358228.71671299 
  79.80000000 8527064.93679059 
  79.90000000 8699311.64851376 
  80.00000000 8875037.74381373 
  80.10000000 9054313.50623877 
  80.20000000 9237210.63906480 
  80.30000000 9423802.29397391 
  80.40000000 9614163.10031218 
  80.50000000 9808369.19493849 
  80.60000000 10006498.25267624 
  80.70000000 10208629.51738030 
  80.80000000 10414843.83363139 
  80.90000000 10625223.67907074 
  81.00000000 10839853.19738797 
  81.10000000 11058818.23197521 
  81.20000000 11282206.36026111 
  81.30000000 11510106.92873838 
  81.40000000 11742611.08869889 
  81.50000000 11979811.83269061 
  81.60000000 12221804.03171096 
  81.70000000 12468684.47315153 
  81.80000000 12720551.89950919 
  81.90000000 12977507.04787927 
  82.00000000 13239652.69024643 
  82.10000000 13507093.67458941 
  82.20000000 13779936.96681612 
  82.30000000 14058291.69354580 
  82.40000000 14342269.18575543 
  82.50000000 14631983.02330769 
  82.60000000 14927549.08037850 
  82.70000000 15229085.57180215 
  82.80000000 15536713.10035255 
  82.90000000 15850554.70497967 
  83.00000000 16170735.91002026 
  83.10000000 16497384.77540267 
  83.20000000 16830631.94786581 
  83.30000000 17170610.71321270 
  83.40000000 17517457.04961960 
  83.50000000 17871309.68202191 
  83.60000000 18232310.13759875 
  83.70000000 18600602.80237825 
  83.80000000 18976334.97898629 
  83.90000000 19359656.94556181 
  84.00000000 19750722.01586216 
  84.10000000 20149686.60058257 
  84.20000000 20556710.26991434 
  84.30000000 20971955.81736661 
  84.40000000 21395589.32487741 
  84.50000000 21827780.22923994 
  84.60000000 22268701.38987058 
  84.70000000 22718529.15794597 
  84.80000000 23177443.44693648 
  84.90000000 23645627.80456460 
  85.00000000 24123269.48621680 
  85.10000000 24610559.52983838 
  85.20000000 25107692.83234112 
  85.30000000 25614868.22755441 
  85.40000000 26132288.56575101 
  85.50000000 26660160.79477918 
  85.60000000 27198696.04283372 
  85.70000000 27748109.70289896 
  85.80000000 28308621.51889751 
  85.90000000 28880455.67357925 
  86.00000000 29463840.87818555 
  86.10000000 30059010.46392490 
  86.20000000 30666202.47529618 
  86.30000000 31285659.76529716 
  86.40000000 31917630.09255616 
  86.50000000 32562366.22042580 
  86.60000000 33220126.01807840 
  86.70000000 33891172.56364358 
  86.80000000 34575774.24942919 
  86.90000000 35274204.88926765 
  87.00000000 35986743.82803086 
  87.10000000 36713676.05335709 
  87.20000000 37455292.30963489 
  87.30000000 38211889.21428952 
  87.40000000 38983769.37641817 
  87.50000000 39771241.51782181 
  87.60000000 40574620.59648181 
  87.70000000 41394227.93253075 
  87.80000000 42230391.33676787 
  87.90000000 43083445.24177058 
  88.00000000 43953730.83565435 
  88.10000000 44841596.19853456 
  88.20000000 45747396.44174496 
  88.30000000 46671493.84986822 
  88.40000000 47614258.02563556 
  88.50000000 48576066.03775339 
  88.60000000 49557302.57171601 
  88.70000000 50558360.08366467 
  88.80000000 51579638.95735469 
  88.90000000 52621547.66429326 
  89.00000000 53684502.92711199 
  89.10000000 54768929.88623965 
  89.20000000 55875262.26994169 
  89.30000000 57003942.56779451 
  89.40000000 58155422.20766396 
  89.50000000 59330161.73625877 
  89.60000000 60528631.00333119 
  89.70000000 61751309.34959848 
  89.80000000 62998685.79846037 
  89.90000000 64271259.25158928 
  90.00000000 65569538.68847138 
  90.10000000 66894043.36997849 
  90.20000000 68245303.04605205 
  90.30000000 69623858.16758232 
  90.40000000 71030260.10256748 
  90.50000000 72465071.35663934 
  90.60000000 73928865.79804346 
  90.70000000 75422228.88716392 
  90.80000000 76945757.91068465 
  90.90000000 78500062.22048047 
  91.00000000 80085763.47733417 
  91.10000000 81703495.89957634 
  91.20000000 83353906.51674777 
  91.30000000 85037655.42838608 
  91.40000000 86755416.06803948 
  91.50000000 88507875.47261387 
  91.60000000 90295734.55716068 
  91.70000000 92119708.39521532 
  91.80000000 93980526.50479867 
  91.90000000 95878933.14019559 
  92.00000000 97815687.58962755 
  92.10000000 99791564.47893803 
  92.20000000 101807354.08141257 
  92.30000000 103863862.63385712 
  92.40000000 105961912.65906101 
  92.50000000 108102343.29477406 
  92.60000000 110286010.62932847 
  92.70000000 112513788.04404092 
  92.80000000 114786566.56253053 
  92.90000000 117105255.20709366 
  93.00000000 119470781.36227696 
  93.10000000 121884091.14579494 
  93.20000000 124346149.78694001 
  93.30000000 126857942.01263620 
  93.40000000 129420472.44129145 
  93.50000000 132034765.98460554 
  93.60000000 134701868.25749457 
  93.70000000 137422845.99629596 
  93.80000000 140198787.48542115 
  93.90000000 143030802.99262667 
  94.00000000 145920025.21307772 
  94.10000000 148867609.72238189 
  94.20000000 151874735.43877402 
  94.30000000 154942605.09463724 
  94.40000000 158072445.71754891 
  94.50000000 161265509.12104341 
  94.60000000 164523072.40528849 
  94.70000000 167846438.46787530 
  94.80000000 171236936.52492639 
  94.90000000 174695922.64272991 
  95.00000000 178224780.28011304 
  95.10000000 181824920.84177133 
  95.20000000 185497784.24277511 
  95.30000000 189244839.48447919 
  95.40000000 193067585.24206567 
  95.50000000 196967550.46395540 
  95.60000000 200946294.98332730 
  95.70000000 205005410.14199054 
  95.80000000 209146519.42685872 
  95.90000000 213371279.11928129 
  96.00000000 217681378.95749077 
  96.10000000 222078542.81243208 
  96.20000000 226564529.37724319 
  96.30000000 231141132.87066352 
  96.40000000 235810183.75465092 
  96.50000000 240573549.46649486 
  96.60000000 245433135.16571805 
  96.70000000 250390884.49606556 
  96.80000000 255448780.36288607 
  96.90000000 260608845.72621635 
  97.00000000 265873144.40988591 
  97.10000000 271243781.92696559 
  97.20000000 276722906.32189029 
  97.30000000 282312709.02959245 
  97.40000000 288015425.75199026 
  97.50000000 293833337.35218042 
  97.60000000 299768770.76669449 
  97.70000000 305824099.93618172 
  97.80000000 312001746.75489265 
  97.90000000 318304182.03934145 
  98.00000000 324733926.51653618 
  98.10000000 331293551.83217025 
  98.20000000 337985681.57918006 
  98.30000000 344812992.34707952 
  98.40000000 351778214.79249054 
  98.50000000 358884134.73129886 
  98.60000000 366133594.25287110 
  98.70000000 373529492.85677910 
  98.80000000 381074788.61248600 
  98.90000000 388772499.34245825 
  99.00000000 396625703.82917589 
  99.10000000 404637543.04652530 
  99.20000000 412811221.41606510 
  99.30000000 421150008.08866954 
  99.40000000 429657238.25206071 
  99.50000000 438336314.46475232 
  99.60000000 447190708.01694030 
  99.70000000 456223960.31888247 
  99.80000000 465439684.31732392 
  99.90000000 474841565.94053388 
 100.00000000 484433365.57253265 
 100.10000000 494218919.55709779 
 100.20000000 504202141.73215115 
 100.30000000 514387024.99514061 
 100.40000000 524777642.90004241 
 100.50000000 535378151.28662330 
 100.60000000 546192789.94261312 
 100.70000000 557225884.29945385 
 100.80000000 568481847.16230285 
 100.90000000 579965180.47498131 
 101.00000000 591680477.12057590 
 101.10000000 603632422.75841153 
 101.20000000 615825797.69813156 
 101.30000000 628265478.81163383 
 101.40000000 640956441.48362887 
 101.50000000 653903761.60159814 
 101.60000000 667112617.58595049 
 101.70000000 680588292.46118665 
 101.80000000 694336175.96890259 
 101.90000000 708361766.72347450 
 102.00000000 722670674.41128862 
 102.10000000 737268622.03439665 
 102.20000000 752161448.19949150 
 102.30000000 767355109.45312119 
 102.40000000 782855682.66407418 
 102.50000000 798669367.45388854 
 102.60000000 814802488.67645705 
 102.70000000 831261498.94772148 
 102.80000000 848052981.22646546 
 102.90000000 865183651.44724000 
 103.00000000 882660361.20647430 
 103.10000000 900490100.50284517 
 103.20000000 918680000.53300261 
 103.30000000 937237336.54376936 
 103.40000000 956169530.74195337 
 103.50000000 975484155.26294088 
 103.60000000 995188935.19925225 
 103.70000000 1015291751.69027722 
 103.80000000 1035800645.07442081 
 103.90000000 1056723818.10492408 
 104.00000000 1078069639.23064351 
 104.10000000 1099846645.94310236 
 104.20000000 1122063548.19115305 
 104.30000000 1144729231.86461449 
 104.40000000 1167852762.34827971 
 104.50000000 1191443388.14771485 
 104.60000000 1215510544.58829856 
 104.70000000 1240063857.58898234 
 104.80000000 1265113147.51227975 
 104.90000000 1290668433.09202790 
 105.00000000 1316739935.44048667 
 105.10000000 1343338082.13638473 
 105.20000000 1370473511.39553952 
 105.30000000 1398157076.32572961 
 105.40000000 1426399849.26750922 
 105.50000000 1455213126.22271276 
 105.60000000 1484608431.37241173 
 105.70000000 1514597521.68613434 
 105.80000000 1545192391.62419438 
 105.90000000 1576405277.93500304 
 106.00000000 1608248664.54928994 
 106.10000000 1640735287.57318568 
 106.20000000 1673878140.38216424 
 106.30000000 1707690478.81788397 
 106.40000000 1742185826.49000525 
 106.50000000 1777377980.18510318 
 106.60000000 1813281015.38484240 
 106.70000000 1849909291.89561629 
 106.80000000 1887277459.59190774 
 106.90000000 1925400464.27566433 
 107.00000000 1964293553.65403271 
 107.10000000 2003972283.43784404 
 107.20000000 2044452523.56328845 
 107.30000000 2085750464.53926706 
 107.40000000 2127882623.92296028 
 107.50000000 2170865852.92620420 
 107.60000000 2214717343.15531349 
 107.70000000 2259454633.48705053 
 107.80000000 2305095617.08348942 
 107.90000000 2351658548.54857588 
 108.00000000 2399162051.22925711 
 108.10000000 2447625124.66408777 
 108.20000000 2497067152.18230247 
 108.30000000 2547507908.65638494 
 108.40000000 2598967568.41124392 
 108.50000000 2651466713.29315090 
 108.60000000 2705026340.90167236 
 108.70000000 2759667872.98788595 
 108.80000000 2815413164.02224159 
 108.90000000 2872284509.93549061 
 109.00000000 2930304657.03618765 
 109.10000000 2989496811.10831881 
 109.20000000 3049884646.69270706 
 109.30000000 3111492316.55589962 
 109.40000000 3174344461.35032892 
 109.50000000 3238466219.46960592 
 109.60000000 3303883237.10289192 
 109.70000000 3370621678.49237061 
 109.80000000 3438708236.39791679 
 109.90000000 3508170142.77315474 
 110.00000000 3579035179.65717220 
 110.10000000 3651331690.28624725 
 110.20000000 3725088590.43002939 
 110.30000000 3800335379.95671606 
 110.40000000 3877102154.63184166 
 110.50000000 3955419618.15540504 
 110.60000000 4035319094.44214392 
 110.70000000 4116832540.14987516 
 110.80000000 4199992557.46090269 
 110.90000000 4284832407.12161303 
 111.00000000 4371386021.74547005 
 111.10000000 4459688019.38472843 
 111.20000000 4549773717.37630081 
 111.30000000 4641679146.46730137 
 111.40000000 4735441065.22594166 
 111.50000000 4831096974.74350548 
 111.60000000 4928685133.63332462 
 111.70000000 5028244573.33271694 
 111.80000000 5129815113.71403790 
 111.90000000 5233437379.01106167 
 112.00000000 5339152814.06708431 
 112.10000000 5447003700.91123962 
 112.20000000 5557033175.66964722 
 112.30000000 5669285245.81817341 
 112.40000000 5783804807.78370094 
 112.50000000 5900637664.90093231 
 112.60000000 6019830545.73193073 
 112.70000000 6141431122.75571632 
 112.80000000 6265488031.43538189 
 112.90000000 6392050889.67037773 
 113.00000000 6521170317.64171886 
 113.10000000 6652897958.05808163 
 113.20000000 6787286496.81085587 
 113.30000000 6924389684.04643536 
 113.40000000 7064262355.66417313 
 113.50000000 7206960455.24858952 
 113.60000000 7352541056.44461060 
 113.70000000 7501062385.78479195 
 113.80000000 7652583845.97764492 
 113.90000000 7807166039.66639328 
 114.00000000 7964870793.66765404 
 114.10000000 8125761183.69974041 
 114.20000000 8289901559.61047554 
 114.30000000 8457357571.11460686 
 114.40000000 8628196194.05112267 
 114.50000000 8802485757.17095566 
 114.60000000 8980295969.46580887 
 114.70000000 9161697948.04901886 
 114.80000000 9346764246.59960938 
 114.90000000 9535568884.38092041 
 115.00000000 9728187375.84541702 
 115.10000000 9924696760.83749390 
 115.20000000 10125175635.40641022 
 115.30000000 10329704183.24161911 
 115.40000000 10538364207.74310112 
 115.50000000 10751239164.73951149 
 115.60000000 10968414195.86724854 
 115.70000000 11189976162.62376785 
 115.80000000 11416013681.10876656 
 115.90000000 11646617157.46716499 
 116.00000000 11881878824.04800224 
 116.10000000 12121892776.29377174 
 116.20000000 12366755010.37490463 
 116.30000000 12616563461.58447838 
 116.40000000 12871418043.50848389 
 116.50000000 13131420687.98735428 
 116.60000000 13396675385.88469887 
 116.70000000 13667288228.67957115 
 116.80000000 13943367450.89889717 
 116.90000000 14225023473.40705490 
 117.00000000 14512368947.56987572 
 117.10000000 14805518800.31078911 
 117.20000000 15104590280.07706642 
 117.30000000 15409703003.73462296 
 117.40000000 15720979004.41006279 
 117.50000000 16038542780.29914474 
 117.60000000 16362521344.46118736 
 117.70000000 16693044275.61930466 
 117.80000000 17030243769.98681450 
 117.90000000 17374254694.14054871 
 118.00000000 17725214638.96218872 
 118.10000000 18083263974.66921997 
 118.20000000 18448545906.95754242 
 118.30000000 18821206534.27808380 
 118.40000000 19201394906.27050018 
 118.50000000 19589263083.37716675 
 118.60000000 19984966197.66138458 
 118.70000000 20388662514.85414505 
 118.80000000 20800513497.65419769 
 118.90000000 21220683870.30681229 
 119.00000000 21649341684.48701096 
 119.10000000 22086658386.51364899 
 119.20000000 22532808885.92122650 
 119.30000000 22987971625.41683578 
 119.40000000 23452328652.25025558 
 119.50000000 23926065691.02571106 
 119.60000000 24409372217.98442841 
 119.70000000 24902441536.78771210 
 119.80000000 25405470855.83082581 
 119.90000000 25918661367.11860657 
 120.00000000 26442218326.73440170 
