   0.10000000    1.02020134 
   0.20000000    1.04081077 
   0.30000000    1.06183655 
   0.40000000    1.08328707 
   0.50000000    1.10517092 
   0.60000000    1.12749685 
   0.70000000    1.15027380 
   0.80000000    1.17351087 
   0.90000000    1.19721736 
   1.00000000    1.22140276 
   1.10000000    1.24607673 
   1.20000000    1.27124915 
   1.30000000    1.29693009 
   1.40000000    1.32312981 
   1.50000000    1.34985881 
   1.60000000    1.37712776 
   1.70000000    1.40494759 
   1.80000000    1.43332941 
   1.90000000    1.46228459 
   2.00000000    1.49182470 
   2.10000000    1.52196156 
   2.20000000    1.55270722 
   2.30000000    1.58407398 
   2.40000000    1.61607440 
   2.50000000    1.64872127 
   2.60000000    1.68202765 
   2.70000000    1.71600686 
   2.80000000    1.75067250 
   2.90000000    1.78603843 
   3.00000000    1.82211880 
   3.10000000    1.85892804 
   3.20000000    1.89648088 
   3.30000000    1.93479233 
   3.40000000    1.97387773 
   3.50000000    2.01375271 
   3.60000000    2.05443321 
   3.70000000    2.09593551 
   3.80000000    2.13827622 
   3.90000000    2.18147227 
   4.00000000    2.22554093 
   4.10000000    2.27049984 
   4.20000000    2.31636698 
   4.30000000    2.36316069 
   4.40000000    2.41089971 
   4.50000000    2.45960311 
   4.60000000    2.50929039 
   4.70000000    2.55998142 
   4.80000000    2.61169647 
   4.90000000    2.66445624 
   5.00000000    2.71828183 
   5.10000000    2.77319476 
   5.20000000    2.82921701 
   5.30000000    2.88637099 
   5.40000000    2.94467955 
   5.50000000    3.00416602 
   5.60000000    3.06485420 
   5.70000000    3.12676837 
   5.80000000    3.18993328 
   5.90000000    3.25437420 
   6.00000000    3.32011692 
   6.10000000    3.38718773 
   6.20000000    3.45561346 
   6.30000000    3.52542149 
   6.40000000    3.59663973 
   6.50000000    3.66929667 
   6.60000000    3.74342138 
   6.70000000    3.81904351 
   6.80000000    3.89619330 
   6.90000000    3.97490163 
   7.00000000    4.05519997 
   7.10000000    4.13712044 
   7.20000000    4.22069582 
   7.30000000    4.30595953 
   7.40000000    4.39294568 
   7.50000000    4.48168907 
   7.60000000    4.57222520 
   7.70000000    4.66459027 
   7.80000000    4.75882125 
   7.90000000    4.85495581 
   8.00000000    4.95303242 
   8.10000000    5.05309032 
   8.20000000    5.15516951 
   8.30000000    5.25931084 
   8.40000000    5.36555597 
   8.50000000    5.47394739 
   8.60000000    5.58452846 
   8.70000000    5.69734342 
   8.80000000    5.81243739 
   8.90000000    5.92985642 
   9.00000000    6.04964746 
   9.10000000    6.17185845 
   9.20000000    6.29653826 
   9.30000000    6.42373677 
   9.40000000    6.55350486 
   9.50000000    6.68589444 
   9.60000000    6.82095847 
   9.70000000    6.95875097 
   9.80000000    7.09932707 
   9.90000000    7.24274299 
  10.00000000    7.38905610 
  10.10000000    7.53832493 
  10.20000000    7.69060920 
  10.30000000    7.84596981 
  10.40000000    8.00446891 
  10.50000000    8.16616991 
  10.60000000    8.33113749 
  10.70000000    8.49943763 
  10.80000000    8.67113766 
  10.90000000    8.84630626 
  11.00000000    9.02501350 
  11.10000000    9.20733087 
  11.20000000    9.39333129 
  11.30000000    9.58308917 
  11.40000000    9.77668041 
  11.50000000    9.97418245 
  11.60000000   10.17567431 
  11.70000000   10.38123656 
  11.80000000   10.59095145 
  11.90000000   10.80490286 
  12.00000000   11.02317638 
  12.10000000   11.24585931 
  12.20000000   11.47304074 
  12.30000000   11.70481154 
  12.40000000   11.94126442 
  12.50000000   12.18249396 
  12.60000000   12.42859666 
  12.70000000   12.67967097 
  12.80000000   12.93581732 
  12.90000000   13.19713816 
  13.00000000   13.46373804 
  13.10000000   13.73572359 
  13.20000000   14.01320361 
  13.30000000   14.29628910 
  13.40000000   14.58509330 
  13.50000000   14.87973172 
  13.60000000   15.18032224 
  13.70000000   15.48698510 
  13.80000000   15.79984295 
  13.90000000   16.11902095 
  14.00000000   16.44464677 
  14.10000000   16.77685067 
  14.20000000   17.11576554 
  14.30000000   17.46152694 
  14.40000000   17.81427318 
  14.50000000   18.17414537 
  14.60000000   18.54128746 
  14.70000000   18.91584631 
  14.80000000   19.29797176 
  14.90000000   19.68781664 
  15.00000000   20.08553692 
  15.10000000   20.49129168 
  15.20000000   20.90524324 
  15.30000000   21.32755716 
  15.40000000   21.75840240 
  15.50000000   22.19795128 
  15.60000000   22.64637964 
  15.70000000   23.10386686 
  15.80000000   23.57059593 
  15.90000000   24.04675355 
  16.00000000   24.53253020 
  16.10000000   25.02812018 
  16.20000000   25.53372175 
  16.30000000   26.04953714 
  16.40000000   26.57577270 
  16.50000000   27.11263892 
  16.60000000   27.66035056 
  16.70000000   28.21912671 
  16.80000000   28.78919088 
  16.90000000   29.37077111 
  17.00000000   29.96410005 
  17.10000000   30.56941502 
  17.20000000   31.18695817 
  17.30000000   31.81697651 
  17.40000000   32.45972208 
  17.50000000   33.11545196 
  17.60000000   33.78442846 
  17.70000000   34.46691919 
  17.80000000   35.16319715 
  17.90000000   35.87354085 
  18.00000000   36.59823444 
  18.10000000   37.33756782 
  18.20000000   38.09183673 
  18.30000000   38.86134287 
  18.40000000   39.64639407 
  18.50000000   40.44730436 
  18.60000000   41.26439411 
  18.70000000   42.09799016 
  18.80000000   42.94842598 
  18.90000000   43.81604174 
  19.00000000   44.70118449 
  19.10000000   45.60420832 
  19.20000000   46.52547444 
  19.30000000   47.46535137 
  19.40000000   48.42421507 
  19.50000000   49.40244911 
  19.60000000   50.40044478 
  19.70000000   51.41860130 
  19.80000000   52.45732595 
  19.90000000   53.51703423 
  20.00000000   54.59815003 
  20.10000000   55.70110583 
  20.20000000   56.82634281 
  20.30000000   57.97431108 
  20.40000000   59.14546985 
  20.50000000   60.34028760 
  20.60000000   61.55924226 
  20.70000000   62.80282145 
  20.80000000   64.07152260 
  20.90000000   65.36585321 
  21.00000000   66.68633104 
  21.10000000   68.03348429 
  21.20000000   69.40785184 
  21.30000000   70.80998345 
  21.40000000   72.24044001 
  21.50000000   73.69979370 
  21.60000000   75.18862829 
  21.70000000   76.70753934 
  21.80000000   78.25713442 
  21.90000000   79.83803341 
  22.00000000   81.45086866 
  22.10000000   83.09628536 
  22.20000000   84.77494167 
  22.30000000   86.48750910 
  22.40000000   88.23467268 
  22.50000000   90.01713130 
  22.60000000   91.83559798 
  22.70000000   93.69080012 
  22.80000000   95.58347983 
  22.90000000   97.51439421 
  23.00000000   99.48431564 
  23.10000000  101.49403213 
  23.20000000  103.54434758 
  23.30000000  105.63608216 
  23.40000000  107.77007257 
  23.50000000  109.94717245 
  23.60000000  112.16825267 
  23.70000000  114.43420168 
  23.80000000  116.74592590 
  23.90000000  119.10435004 
  24.00000000  121.51041752 
  24.10000000  123.96509078 
  24.20000000  126.46935173 
  24.30000000  129.02420211 
  24.40000000  131.63066389 
  24.50000000  134.28977968 
  24.60000000  137.00261319 
  24.70000000  139.77024956 
  24.80000000  142.59379590 
  24.90000000  145.47438165 
  25.00000000  148.41315910 
  25.10000000  151.41130379 
  25.20000000  154.47001503 
  25.30000000  157.59051632 
  25.40000000  160.77405593 
  25.50000000  164.02190730 
  25.60000000  167.33536962 
  25.70000000  170.71576832 
  25.80000000  174.16445561 
  25.90000000  177.68281099 
  26.00000000  181.27224188 
  26.10000000  184.93418407 
  26.20000000  188.67010241 
  26.30000000  192.48149130 
  26.40000000  196.36987535 
  26.50000000  200.33680997 
  26.60000000  204.38388199 
  26.70000000  208.51271029 
  26.80000000  212.72494645 
  26.90000000  217.02227542 
  27.00000000  221.40641620 
  27.10000000  225.87912250 
  27.20000000  230.44218346 
  27.30000000  235.09742437 
  27.40000000  239.84670737 
  27.50000000  244.69193226 
  27.60000000  249.63503719 
  27.70000000  254.67799946 
  27.80000000  259.82283632 
  27.90000000  265.07160579 
  28.00000000  270.42640743 
  28.10000000  275.88938323 
  28.20000000  281.46271848 
  28.30000000  287.14864256 
  28.40000000  292.94942992 
  28.50000000  298.86740097 
  28.60000000  304.90492296 
  28.70000000  311.06441098 
  28.80000000  317.34832892 
  28.90000000  323.75919042 
  29.00000000  330.29955991 
  29.10000000  336.97205363 
  29.20000000  343.77934066 
  29.30000000  350.72414402 
  29.40000000  357.80924171 
  29.50000000  365.03746787 
  29.60000000  372.41171388 
  29.70000000  379.93492954 
  29.80000000  387.61012424 
  29.90000000  395.44036816 
  30.00000000  403.42879349 
  30.10000000  411.57859573 
  30.20000000  419.89303489 
  30.30000000  428.37543686 
  30.40000000  437.02919472 
  30.50000000  445.85777008 
  30.60000000  454.86469450 
  30.70000000  464.05357086 
  30.80000000  473.42807483 
  30.90000000  482.99195635 
  31.00000000  492.74904109 
  31.10000000  502.70323202 
  31.20000000  512.85851094 
  31.30000000  523.21894011 
  31.40000000  533.78866383 
  31.50000000  544.57191013 
  31.60000000  555.57299245 
  31.70000000  566.79631138 
  31.80000000  578.24635639 
  31.90000000  589.92770766 
  32.00000000  601.84503787 
  32.10000000  614.00311413 
  32.20000000  626.40679981 
  32.30000000  639.06105657 
  32.40000000  651.97094627 
  32.50000000  665.14163304 
  32.60000000  678.57838534 
  32.70000000  692.28657804 
  32.80000000  706.27169460 
  32.90000000  720.53932925 
  33.00000000  735.09518924 
  33.10000000  749.94509711 
  33.20000000  765.09499302 
  33.30000000  780.55093713 
  33.40000000  796.31911202 
  33.50000000  812.40582517 
  33.60000000  828.81751148 
  33.70000000  845.56073585 
  33.80000000  862.64219579 
  33.90000000  880.06872411 
  34.00000000  897.84729165 
  34.10000000  915.98501008 
  34.20000000  934.48913473 
  34.30000000  953.36706749 
  34.40000000  972.62635979 
  34.50000000  992.27471561 
  34.60000000 1012.31999453 
  34.70000000 1032.77021496 
  34.80000000 1053.63355724 
  34.90000000 1074.91836700 
  35.00000000 1096.63315843 
  35.10000000 1118.78661775 
  35.20000000 1141.38760663 
  35.30000000 1164.44516577 
  35.40000000 1187.96851851 
  35.50000000 1211.96707449 
  35.60000000 1236.45043347 
  35.70000000 1261.42838910 
  35.80000000 1286.91093291 
  35.90000000 1312.90825825 
  36.00000000 1339.43076439 
  36.10000000 1366.48906071 
  36.20000000 1394.09397087 
  36.30000000 1422.25653720 
  36.40000000 1450.98802511 
  36.50000000 1480.29992758 
  36.60000000 1510.20396976 
  36.70000000 1540.71211367 
  36.80000000 1571.83656296 
  36.90000000 1603.58976783 
  37.00000000 1635.98443000 
  37.10000000 1669.03350774 
  37.20000000 1702.75022115 
  37.30000000 1737.14805735 
  37.40000000 1772.24077593 
  37.50000000 1808.04241446 
  37.60000000 1844.56729405 
  37.70000000 1881.83002516 
  37.80000000 1919.84551337 
  37.90000000 1958.62896539 
  38.00000000 1998.19589510 
  38.10000000 2038.56212982 
  38.20000000 2079.74381657 
  38.30000000 2121.75742858 
  38.40000000 2164.61977185 
  38.50000000 2208.34799189 
  38.60000000 2252.95958057 
  38.70000000 2298.47238312 
  38.80000000 2344.90460528 
  38.90000000 2392.27482054 
  39.00000000 2440.60197762 
  39.10000000 2489.90540804 
  39.20000000 2540.20483383 
  39.30000000 2591.52037541 
  39.40000000 2643.87255970 
  39.50000000 2697.28232827 
  39.60000000 2751.77104573 
  39.70000000 2807.36050830 
  39.80000000 2864.07295251 
  39.90000000 2921.93106408 
  40.00000000 2980.95798704 
  40.10000000 3041.17733294 
  40.20000000 3102.61319033 
  40.30000000 3165.29013436 
  40.40000000 3229.23323664 
  40.50000000 3294.46807528 
  40.60000000 3361.02074508 
  40.70000000 3428.91786799 
  40.80000000 3498.18660376 
  40.90000000 3568.85466082 
  41.00000000 3640.95030733 
  41.10000000 3714.50238251 
  41.20000000 3789.54030817 
  41.30000000 3866.09410048 
  41.40000000 3944.19438198 
  41.50000000 4023.87239382 
  41.60000000 4105.16000827 
  41.70000000 4188.08974147 
  41.80000000 4272.69476640 
  41.90000000 4359.00892620 
  42.00000000 4447.06674770 
  42.10000000 4536.90345519 
  42.20000000 4628.55498456 
  42.30000000 4722.05799763 
  42.40000000 4817.44989687 
  42.50000000 4914.76884030 
  42.60000000 5014.05375680 
  42.70000000 5115.34436165 
  42.80000000 5218.68117245 
  42.90000000 5324.10552531 
  43.00000000 5431.65959136 
  43.10000000 5541.38639368 
  43.20000000 5653.32982444 
  43.30000000 5767.53466250 
  43.40000000 5884.04659134 
  43.50000000 6002.91221726 
  43.60000000 6124.17908811 
  43.70000000 6247.89571226 
  43.80000000 6374.11157799 
  43.90000000 6502.87717335 
  44.00000000 6634.24400628 
  44.10000000 6768.26462527 
  44.20000000 6904.99264036 
  44.30000000 7044.48274457 
  44.40000000 7186.79073580 
  44.50000000 7331.97353916 
  44.60000000 7480.08922969 
  44.70000000 7631.19705565 
  44.80000000 7785.35746218 
  44.90000000 7942.63211550 
  45.00000000 8103.08392758 
  45.10000000 8266.77708126 
  45.20000000 8433.77705601 
  45.30000000 8604.15065402 
  45.40000000 8777.96602703 
  45.50000000 8955.29270348 
  45.60000000 9136.20161643 
  45.70000000 9320.76513183 
  45.80000000 9509.05707757 
  45.90000000 9701.15277293 
  46.00000000 9897.12905874 
  46.10000000 10097.06432815 
  46.20000000 10301.03855791 
  46.30000000 10509.13334045 
  46.40000000 10721.43191645 
  46.50000000 10938.01920817 
  46.60000000 11158.98185341 
  46.70000000 11384.40824018 
  46.80000000 11614.38854205 
  46.90000000 11849.01475419 
  47.00000000 12088.38073022 
  47.10000000 12332.58221972 
  47.20000000 12581.71690655 
  47.30000000 12835.88444790 
  47.40000000 13095.18651418 
  47.50000000 13359.72682966 
  47.60000000 13629.61121401 
  47.70000000 13904.94762458 
  47.80000000 14185.84619960 
  47.90000000 14472.41930224 
  48.00000000 14764.78156558 
  48.10000000 15063.04993841 
  48.20000000 15367.34373205 
  48.30000000 15677.78466809 
  48.40000000 15994.49692704 
  48.50000000 16317.60719802 
  48.60000000 16647.24472945 
  48.70000000 16983.54138074 
  48.80000000 17326.63167503 
  48.90000000 17676.65285301 
  49.00000000 18033.74492783 
  49.10000000 18398.05074107 
  49.20000000 18769.71601992 
  49.30000000 19148.88943545 
  49.40000000 19535.72266207 
  49.50000000 19930.37043823 
  49.60000000 20332.99062831 
  49.70000000 20743.74428576 
  49.80000000 21162.79571750 
  49.90000000 21590.31254971 
  50.00000000 22026.46579481 
  50.10000000 22471.42991992 
  50.20000000 22925.38291662 
  50.30000000 23388.50637216 
  50.40000000 23860.98554210 
  50.50000000 24343.00942441 
  50.60000000 24834.77083507 
  50.70000000 25336.46648519 
  50.80000000 25848.29705974 
  50.90000000 26370.46729775 
  51.00000000 26903.18607430 
  51.10000000 27446.66648399 
  51.20000000 28001.12592623 
  51.30000000 28566.78619220 
  51.40000000 29143.87355354 
  51.50000000 29732.61885289 
  51.60000000 30333.25759623 
  51.70000000 30946.03004705 
  51.80000000 31571.18132251 
  51.90000000 32208.96149145 
  52.00000000 32859.62567445 
  52.10000000 33523.43414585 
  52.20000000 34200.65243789 
  52.30000000 34891.55144693 
  52.40000000 35596.40754177 
  52.50000000 36315.50267425 
  52.60000000 37049.12449202 
  52.70000000 37797.56645357 
  52.80000000 38561.12794568 
  52.90000000 39340.11440313 
  53.00000000 40134.83743088 
  53.10000000 40945.61492874 
  53.20000000 41772.77121852 
  53.30000000 42616.63717376 
  53.40000000 43477.55035211 
  53.50000000 44355.85513030 
  53.60000000 45251.90284197 
  53.70000000 46166.05191814 
  53.80000000 47098.66803063 
  53.90000000 48050.12423832 
  54.00000000 49020.80113639 
  54.10000000 50011.08700853 
  54.20000000 51021.37798229 
  54.30000000 52052.07818755 
  54.40000000 53103.59991811 
  54.50000000 54176.36379670 
  54.60000000 55270.79894317 
  54.70000000 56387.34314618 
  54.80000000 57526.44303828 
  54.90000000 58688.55427462 
  55.00000000 59874.14171520 
  55.10000000 61083.67961080 
  55.20000000 62317.65179271 
  55.30000000 63576.55186624 
  55.40000000 64860.88340822 
  55.50000000 66171.16016838 
  55.60000000 67507.90627491 
  55.70000000 68871.65644406 
  55.80000000 70262.95619410 
  55.90000000 71682.36206346 
  56.00000000 73130.44183342 
  56.10000000 74607.77475521 
  56.20000000 76114.95178168 
  56.30000000 77652.57580374 
  56.40000000 79221.26189150 
  56.50000000 80821.63754032 
  56.60000000 82454.34292179 
  56.70000000 84120.03113984 
  56.80000000 85819.36849196 
  56.90000000 87553.03473574 
  57.00000000 89321.72336082 
  57.10000000 91126.14186620 
  57.20000000 92967.01204337 
  57.30000000 94845.07026493 
  57.40000000 96761.06777921 
  57.50000000 98715.77101077 
  57.60000000 100709.96186696 
  57.70000000 102744.43805072 
  57.80000000 104820.01337964 
  57.90000000 106937.51811153 
  58.00000000 109097.79927652 
  58.10000000 111301.72101588 
  58.20000000 113550.16492768 
  58.30000000 115844.03041948 
  58.40000000 118184.23506805 
  58.50000000 120571.71498646 
  58.60000000 123007.42519851 
  58.70000000 125492.34002077 
  58.80000000 128027.45345228 
  58.90000000 130613.77957223 
  59.00000000 133252.35294555 
  59.10000000 135944.22903676 
  59.20000000 138690.48463221 
  59.30000000 141492.21827074 
  59.40000000 144350.55068317 
  59.50000000 147266.62524057 
  59.60000000 150241.60841165 
  59.70000000 153276.69022934 
  59.80000000 156373.08476684 
  59.90000000 159532.03062324 
  60.00000000 162754.79141902 
  60.10000000 166042.65630146 
  60.20000000 169396.94046035 
  60.30000000 172818.98565409 
  60.40000000 176310.16074636 
  60.50000000 179871.86225377 
  60.60000000 183505.51490441 
  60.70000000 187212.57220778 
  60.80000000 190994.51703623 
  60.90000000 194852.86221812 
  61.00000000 198789.15114298 
  61.10000000 202804.95837885 
  61.20000000 206901.89030217 
  61.30000000 211081.58574034 
  61.40000000 215345.71662727 
  61.50000000 219695.98867216 
  61.60000000 224134.14204185 
  61.70000000 228661.95205684 
  61.80000000 233281.22990152 
  61.90000000 237993.82334862 
  62.00000000 242801.61749835 
  62.10000000 247706.53553248 
  62.20000000 252710.53948363 
  62.30000000 257815.63102008 
  62.40000000 263023.85224653 
  62.50000000 268337.28652091 
  62.60000000 273758.05928777 
  62.70000000 279288.33892851 
  62.80000000 284930.33762871 
  62.90000000 290686.31226309 
  63.00000000 296558.56529824 
  63.10000000 302549.44571368 
  63.20000000 308661.34994145 
  63.30000000 314896.72282473 
  63.40000000 321258.05859582 
  63.50000000 327747.90187385 
  63.60000000 334368.84868266 
  63.70000000 341123.54748926 
  63.80000000 348014.70026322 
  63.90000000 355045.06355755 
  64.00000000 362217.44961129 
  64.10000000 369534.72747452 
  64.20000000 376999.82415592 
  64.30000000 384615.72579372 
  64.40000000 392385.47885012 
  64.50000000 400312.19132993 
  64.60000000 408399.03402384 
  64.70000000 416649.24177676 
  64.80000000 425066.11478178 
  64.90000000 433653.01990034 
  65.00000000 442413.39200897 
  65.10000000 451350.73537334 
  65.20000000 460468.62504994 
  65.30000000 469770.70831622 
  65.40000000 479260.70612953 
  65.50000000 488942.41461551 
  65.60000000 498819.70658667 
  65.70000000 508896.53309147 
  65.80000000 519176.92499489 
  65.90000000 529664.99459075 
  66.00000000 540364.93724675 
  66.10000000 551281.03308261 
  66.20000000 562417.64868221 
  66.30000000 573779.23884029 
  66.40000000 585370.34834439 
  66.50000000 597195.61379288 
  66.60000000 609259.76544959 
  66.70000000 621567.62913606 
  66.80000000 634124.12816186 
  66.90000000 646934.28529403 
  67.00000000 660003.22476622 
  67.10000000 673336.17432848 
  67.20000000 686938.46733840 
  67.30000000 700815.54489456 
  67.40000000 714972.95801301 
  67.50000000 729416.36984777 
  67.60000000 744151.55795614 
  67.70000000 759184.41660985 
  67.80000000 774520.95915280 
  67.90000000 790167.32040650 
  68.00000000 806129.75912406 
  68.10000000 822414.66049381 
  68.20000000 839028.53869343 
  68.30000000 855978.03949573 
  68.40000000 873269.94292702 
  68.50000000 890911.16597923 
  68.60000000 908908.76537681 
  68.70000000 927269.94039948 
  68.80000000 946002.03576208 
  68.90000000 965112.54455251 
  69.00000000 984609.11122911 
  69.10000000 1004499.53467849 
  69.20000000 1024791.77133524 
  69.30000000 1045493.93836461 
  69.40000000 1066614.31690942 
  69.50000000 1088161.35540271 
  69.60000000 1110143.67294718 
  69.70000000 1132570.06276293 
  69.80000000 1155449.49570493 
  69.90000000 1178791.12385141 
  70.00000000 1202604.28416485 
  70.10000000 1226898.50222690 
  70.20000000 1251683.49604870 
  70.30000000 1276969.17995825 
  70.40000000 1302765.66856628 
  70.50000000 1329083.28081217 
  70.60000000 1355932.54409173 
  70.70000000 1383324.19846827 
  70.80000000 1411269.20096876 
  70.90000000 1439778.72996682 
  71.00000000 1468864.18965417 
  71.10000000 1498537.21460250 
  71.20000000 1528809.67441742 
  71.30000000 1559693.67848652 
  71.40000000 1591201.58082321 
  71.50000000 1623345.98500853 
  71.60000000 1656139.74923275 
  71.70000000 1689595.99143883 
  71.80000000 1723728.09456973 
  71.90000000 1758549.71192180 
  72.00000000 1794074.77260628 
  72.10000000 1830317.48712113 
  72.20000000 1867292.35303537 
  72.30000000 1905014.16078840 
  72.40000000 1943497.99960627 
  72.50000000 1982759.26353763 
  72.60000000 2022813.65761155 
  72.70000000 2063677.20411973 
  72.80000000 2105366.24902561 
  72.90000000 2147897.46850303 
  73.00000000 2191287.87560687 
  73.10000000 2235554.82707851 
  73.20000000 2280716.03028877 
  73.30000000 2326789.55032111 
  73.40000000 2373793.81719784 
  73.50000000 2421747.63325246 
  73.60000000 2470670.18065079 
  73.70000000 2520581.02906407 
  73.80000000 2571500.14349719 
  73.90000000 2623447.89227482 
  74.00000000 2676445.05518914 
  74.10000000 2730512.83181194 
  74.20000000 2785672.84997479 
  74.30000000 2841947.17442043 
  74.40000000 2899358.31562897 
  74.50000000 2957929.23882239 
  74.60000000 3017683.37315092 
  74.70000000 3078644.62106502 
  74.80000000 3140837.36787670 
  74.90000000 3204286.49151391 
  75.00000000 3269017.37247212 
  75.10000000 3335055.90396680 
  75.20000000 3402428.50229107 
  75.30000000 3471162.11738257 
  75.40000000 3541284.24360380 
  75.50000000 3612822.93074024 
  75.60000000 3685806.79522058 
  75.70000000 3760265.03156375 
  75.80000000 3836227.42405709 
  75.90000000 3913724.35867042 
  76.00000000 3992786.83521092 
  76.10000000 4073446.47972336 
  76.20000000 4155735.55714104 
  76.30000000 4239686.98419212 
  76.40000000 4325334.34256679 
  76.50000000 4412711.89235038 
  76.60000000 4501854.58572786 
  76.70000000 4592798.08096515 
  76.80000000 4685578.75667295 
  76.90000000 4780233.72635864 
  77.00000000 4876800.85327217 
  77.10000000 4975318.76555189 
  77.20000000 5075826.87167630 
  77.30000000 5178365.37622797 
  77.40000000 5282975.29597592 
  77.50000000 5389698.47628288 
  77.60000000 5498577.60784395 
  77.70000000 5609656.24376350 
  77.80000000 5722978.81697698 
  77.90000000 5838590.65802464 
  78.00000000 5956538.01318443 
  78.10000000 6076868.06297107 
  78.20000000 6199628.94100886 
  78.30000000 6324869.75328590 
  78.40000000 6452640.59779696 
  78.50000000 6582992.58458350 
  78.60000000 6715977.85617828 
  78.70000000 6851649.60846308 
  78.80000000 6990062.11194783 
  78.90000000 7131270.73347942 
  79.00000000 7275331.95838928 
  79.10000000 7422303.41308822 
  79.20000000 7572243.88811775 
  79.30000000 7725213.36166714 
  79.40000000 7881273.02356540 
  79.50000000 8040485.29975814 
  79.60000000 8202913.87727868 
  79.70000000 8368623.72972376 
  79.80000000 8537681.14324388 
  79.90000000 8710153.74305856 
  80.00000000 8886110.52050740 
  80.10000000 9065621.86064750 
  80.20000000 9248759.57040842 
  80.30000000 9435596.90731592 
  80.40000000 9626208.60879601 
  80.50000000 9820670.92207078 
  80.60000000 10019061.63465840 
  80.70000000 10221460.10548915 
  80.80000000 10427947.29665002 
  80.90000000 10638605.80577073 
  81.00000000 10853519.89906372 
  81.10000000 11072775.54503186 
  81.20000000 11296460.44885699 
  81.30000000 11524664.08748310 
  81.40000000 11757477.74540848 
  81.50000000 11994994.55120049 
  81.60000000 12237309.51474837 
  81.70000000 12484519.56526845 
  81.80000000 12736723.59007707 
  81.90000000 12994022.47414702 
  82.00000000 13256519.14046256 
  82.10000000 13524318.59119024 
  82.20000000 13797527.94968104 
  82.30000000 14076256.50332116 
  82.40000000 14360615.74724857 
  82.50000000 14650719.42895232 
  82.60000000 14946683.59377318 
  82.70000000 15248626.63132332 
  82.80000000 15556669.32284366 
  82.90000000 15870934.88951822 
  83.00000000 16191549.04176387 
  83.10000000 16518640.02951643 
  83.20000000 16852338.69353226 
  83.30000000 17192778.51772629 
  83.40000000 17540095.68256758 
  83.50000000 17894429.11955295 
  83.60000000 18255920.56678171 
  83.70000000 18624714.62565270 
  83.80000000 19000958.81870673 
  83.90000000 19384803.64863780 
  84.00000000 19776402.65849582 
  84.10000000 20175912.49310613 
  84.20000000 20583492.96172942 
  84.30000000 20999307.10198757 
  84.40000000 21423521.24508108 
  84.50000000 21856305.08232338 
  84.60000000 22297831.73301990 
  84.70000000 22748277.81371801 
  84.80000000 23207823.50885594 
  84.90000000 23676652.64283926 
  85.00000000 24154952.75357264 
  85.10000000 24642915.16747777 
  85.20000000 25140735.07602648 
  85.30000000 25648611.61381977 
  85.40000000 26166747.93824473 
  85.50000000 26695351.31073961 
  85.60000000 27234633.17970156 
  85.70000000 27784809.26506866 
  85.80000000 28346099.64461075 
  85.90000000 28918728.84196382 
  86.00000000 29502925.91644187 
  86.10000000 30098924.55466409 
  86.20000000 30706963.16403252 
  86.30000000 31327284.96809808 
  86.40000000 31960138.10385369 
  86.50000000 32605775.72099170 
  86.60000000 33264456.08316758 
  86.70000000 33936442.67130872 
  86.80000000 34622004.28901019 
  86.90000000 35321415.17006027 
  87.00000000 36034955.08813685 
  87.10000000 36762909.46872116 
  87.20000000 37505569.50327162 
  87.30000000 38263232.26570418 
  87.40000000 39036200.83122639 
  87.50000000 39824784.39757071 
  87.60000000 40629298.40867826 
  87.70000000 41450064.68088047 
  87.80000000 42287411.53162979 
  87.90000000 43141673.91083159 
  88.00000000 44013193.53482769 
  88.10000000 44902319.02308814 
  88.20000000 45809406.03766339 
  88.30000000 46734817.42545377 
  88.40000000 47678923.36335368 
  88.50000000 48642101.50632641 
  88.60000000 49624737.13847166 
  88.70000000 50627223.32714428 
  88.80000000 51649961.08018622 
  88.90000000 52693359.50633574 
  89.00000000 53757835.97887529 
  89.10000000 54843816.30258709 
  89.20000000 55951734.88408057 
  89.30000000 57082034.90556055 
  89.40000000 58235168.50210689 
  89.50000000 59411596.94253335 
  89.60000000 60611790.81390201 
  89.70000000 61836230.20976420 
  89.80000000 63085404.92220415 
  89.90000000 64359814.63776314 
  90.00000000 65659969.13731955 
  90.10000000 66986388.50000881 
  90.20000000 68339603.31126182 
  90.30000000 69720154.87504594 
  90.40000000 71128595.43039480 
  90.50000000 72565488.37230971 
  90.60000000 74031408.47712632 
  90.70000000 75526942.13243236 
  90.80000000 77052687.57163043 
  90.90000000 78609255.11324029 
  91.00000000 80197267.40503281 
  91.10000000 81817359.67309850 
  91.20000000 83470179.97594611 
  91.30000000 85156389.46373436 
  91.40000000 86876662.64274207 
  91.50000000 88631687.64517781 
  91.60000000 90422166.50444323 
  91.70000000 92248815.43595538 
  91.80000000 94112365.12364218 
  91.90000000 96013561.01222703 
  92.00000000 97953163.60541464 
  92.10000000 99931948.77010402 
  92.20000000 101950708.04674520 
  92.30000000 104010248.96596560 
  92.40000000 106111395.37159455 
  92.50000000 108254987.75020960 
  92.60000000 110441883.56734383 
  92.70000000 112672957.61048307 
  92.80000000 114949102.33899222 
  92.90000000 117271228.24111250 
  93.00000000 119640264.19816646 
  93.10000000 122057157.85612446 
  93.20000000 124522876.00467539 
  93.30000000 127038404.96395488 
  93.40000000 129604750.97908838 
  93.50000000 132222940.62269990 
  93.60000000 134894021.20555654 
  93.70000000 137619061.19550636 
  93.80000000 140399150.64487913 
  93.90000000 143235401.62652400 
  94.00000000 146128948.67865026 
  94.10000000 149080949.25865996 
  94.20000000 152092584.20614561 
  94.30000000 155165058.21524134 
  94.40000000 158299600.31651872 
  94.50000000 161497464.36861220 
  94.60000000 164759929.55978134 
  94.70000000 168088300.91960275 
  94.80000000 171483909.84099862 
  94.90000000 174948114.61281410 
  95.00000000 178482300.96314731 
  95.10000000 182087882.61366153 
  95.20000000 185766301.84509203 
  95.30000000 189519030.07417694 
  95.40000000 193347568.44224626 
  95.50000000 197253448.41569445 
  95.60000000 201238232.39858994 
  95.70000000 205303514.35765707 
  95.80000000 209450920.45988321 
  95.90000000 213682109.72301021 
  96.00000000 217998774.67915919 
  96.10000000 222402642.05186892 
  96.20000000 226895473.44680747 
  96.30000000 231479066.05643809 
  96.40000000 236155253.37891912 
  96.50000000 240925905.95153123 
  96.60000000 245792932.09891221 
  96.70000000 250758278.69641551 
  96.80000000 255823931.94888571 
  96.90000000 260991918.18516573 
  97.00000000 266264304.66865939 
  97.10000000 271643200.42425859 
  97.20000000 277130757.08198506 
  97.30000000 282729169.73767042 
  97.40000000 288440677.83102232 
  97.50000000 294267566.04143459 
  97.60000000 300212165.20188332 
  97.70000000 306276853.23129499 
  97.80000000 312464056.08574504 
  97.90000000 318776248.72887123 
  98.00000000 325215956.12189668 
  98.10000000 331785754.23364145 
  98.20000000 338488271.07094872 
  98.30000000 345326187.72992152 
  98.40000000 352302239.46839559 
  98.50000000 359419216.80008405 
  98.60000000 366679966.61081266 
  98.70000000 374087393.29731697 
  98.80000000 381644459.92903864 
  98.90000000 389354189.43339121 
  99.00000000 397219665.80497688 
  99.10000000 405244035.33921731 
  99.20000000 413430507.89091933 
  99.30000000 421782358.15825796 
  99.40000000 430302926.99269813 
  99.50000000 438995622.73538572 
  99.60000000 447863922.58052045 
  99.70000000 456911373.96628600 
  99.80000000 466141595.99387091 
  99.90000000 475558280.87515587 
 100.00000000 485165195.40965408 
 100.10000000 494966182.49127173 
 100.20000000 504965162.64552295 
 100.30000000 515166135.59779102 
 100.40000000 525573181.87326968 
 100.50000000 536190464.42923534 
 100.60000000 547022230.32027423 
 100.70000000 558072812.39716816 
 100.80000000 569346631.04009104 
 100.90000000 580848195.92681754 
 101.00000000 592582107.83666253 
 101.10000000 604553060.49084246 
 101.20000000 616765842.43003356 
 101.30000000 629225338.92985082 
 101.40000000 641936533.95502090 
 101.50000000 654904512.15304303 
 101.60000000 668134460.88810301 
 101.70000000 681631672.31609654 
 101.80000000 695401545.50155985 
 101.90000000 709449588.57736552 
 102.00000000 723781420.94805861 
 102.10000000 738402775.53767848 
 102.20000000 753319501.08301508 
 102.30000000 768537564.47317874 
 102.40000000 784063053.13643312 
 102.50000000 799902177.47525811 
 102.60000000 816061273.35057783 
 102.70000000 832546804.61619985 
 102.80000000 849365365.70444036 
 102.90000000 866523684.26398218 
 103.00000000 884028623.85103571 
 103.10000000 901887186.67483509 
 103.20000000 920106516.39862716 
 103.30000000 938693900.99722922 
 103.40000000 957656775.67231226 
 103.50000000 977002725.82659495 
 103.60000000 996739490.09808481 
 103.70000000 1016874963.45565093 
 103.80000000 1037417200.35711300 
 103.90000000 1058374417.97112787 
 104.00000000 1079754999.46418190 
 104.10000000 1101567497.35394692 
 104.20000000 1123820636.93041611 
 104.30000000 1146523319.74613214 
 104.40000000 1169684627.17692399 
 104.50000000 1193313824.05459356 
 104.60000000 1217420362.37294817 
 104.70000000 1242013885.06873989 
 104.80000000 1267104229.87896490 
 104.90000000 1292701433.27608538 
 105.00000000 1318815734.48276949 
 105.10000000 1345457579.56769109 
 105.20000000 1372637625.62411332 
 105.30000000 1400366745.03286433 
 105.40000000 1428656029.81142879 
 105.50000000 1457516796.05092382 
 105.60000000 1486960588.44265556 
 105.70000000 1516999184.89616990 
 105.80000000 1547644601.25056815 
 105.90000000 1578909096.08099747 
 106.00000000 1610805175.60226655 
 106.10000000 1643345598.67146540 
 106.20000000 1676543381.89169955 
 106.30000000 1710411804.81890011 
 106.40000000 1744964415.27381706 
 106.50000000 1780215034.76135182 
 106.60000000 1816177763.99930787 
 106.70000000 1852866988.55889010 
 106.80000000 1890297384.61911869 
 106.90000000 1928483924.83748889 
 107.00000000 1967441884.33926272 
 107.10000000 2007186846.82768059 
 107.20000000 2047734710.81767750 
 107.30000000 2089101695.99549508 
 107.40000000 2131304349.70676374 
 107.50000000 2174359553.57569265 
 107.60000000 2218284530.25789928 
 107.70000000 2263096850.32973051 
 107.80000000 2308814439.31672049 
 107.90000000 2355455584.86403179 
 108.00000000 2403038944.05179024 
 108.10000000 2451583550.85811567 
 108.20000000 2501108823.77300072 
 108.30000000 2551634573.56595707 
 108.40000000 2603181011.21057892 
 108.50000000 2655768755.96923685 
 108.60000000 2709418843.64100456 
 108.70000000 2764152734.97629452 
 108.80000000 2819992324.26143646 
 108.90000000 2876959948.07667208 
 109.00000000 2935078394.23112535 
 109.10000000 2994370910.87817144 
 109.20000000 3054861215.81504631 
 109.30000000 3116573505.97027349 
 109.40000000 3179532467.08274508 
 109.50000000 3243763283.57639170 
 109.60000000 3309291648.63422298 
 109.70000000 3376143774.47598505 
 109.80000000 3444346402.84338760 
 109.90000000 3513926815.69714594 
 110.00000000 3584912846.13017797 
 110.10000000 3657332889.50113678 
 110.20000000 3731215914.79298496 
 110.30000000 3806591476.20095921 
 110.40000000 3883489724.95462990 
 110.50000000 3961941421.37884903 
 110.60000000 4041977947.19820976 
 110.70000000 4123631318.09020758 
 110.80000000 4206934196.49192524 
 110.90000000 4291919904.66542816 
 111.00000000 4378622438.02717400 
 111.10000000 4467076478.74654198 
 111.20000000 4557317409.61922169 
 111.30000000 4649381328.22079182 
 111.40000000 4743305061.34621048 
 111.50000000 4839126179.74109459 
 111.60000000 4936883013.13041878 
 111.70000000 5036614665.55097866 
 111.80000000 5138361030.99351692 
 111.90000000 5242162809.36082745 
 112.00000000 5348061522.74833679 
 112.10000000 5456099532.05338287 
 112.20000000 5566320053.92021465 
 112.30000000 5678767178.02720356 
 112.40000000 5793485884.72328854 
 112.50000000 5910522063.02079201 
 112.60000000 6029922528.95151424 
 112.70000000 6151735044.29385662 
 112.80000000 6276008335.67814350 
 112.90000000 6402792114.07790661 
 113.00000000 6532137094.69502258 
 113.10000000 6664095017.24633789 
 113.20000000 6798718666.66033745 
 113.30000000 6936061894.19179249 
 113.40000000 7076179638.96295643 
 113.50000000 7219127949.94005013 
 113.60000000 7364964008.35344219 
 113.70000000 7513746150.57100582 
 113.80000000 7665533891.43341446 
 113.90000000 7820387948.06085110 
 114.00000000 7978370264.14076805 
 114.10000000 8139544034.70602989 
 114.20000000 8303973731.41387463 
 114.30000000 8471725128.33541107 
 114.40000000 8642865328.26609230 
 114.50000000 8817462789.56785011 
 114.60000000 8995587353.55317307 
 114.70000000 9177310272.42267990 
 114.80000000 9362704237.76692581 
 114.90000000 9551843409.64396477 
 115.00000000 9744803446.24450493 
 115.10000000 9941661534.15598869 
 115.20000000 10142496419.23838806 
 115.30000000 10347388438.12357140 
 115.40000000 10556419550.35098648 
 115.50000000 10769673371.15271378 
 115.60000000 10987235204.90046310 
 115.70000000 11209192079.22859383 
 115.80000000 11435632779.84630394 
 115.90000000 11666647886.05304718 
 116.00000000 11902329806.97163200 
 116.10000000 12142772818.51285172 
 116.20000000 12388073101.08727264 
 116.30000000 12638328778.07863808 
 116.40000000 12893639955.09448814 
 116.50000000 13154108760.00991058 
 116.60000000 13419839383.81979179 
 116.70000000 13690938122.31677818 
 116.80000000 13967513418.61096764 
 116.90000000 14249675906.50854492 
 117.00000000 14537538454.76698875 
 117.10000000 14831216212.24376869 
 117.20000000 15130826653.95763206 
 117.30000000 15436489628.08012199 
 117.40000000 15748327403.87639618 
 117.50000000 16066464720.61477280 
 117.60000000 16391028837.46378136 
 117.70000000 16722149584.39773941 
 117.80000000 17059959414.13042450 
 117.90000000 17404593455.09785843 
 118.00000000 17756189565.51173019 
 118.10000000 18114888388.50415802 
 118.20000000 18480833408.38705444 
 118.30000000 18854171008.04770279 
 118.40000000 19235050527.50379944 
 118.50000000 19623624323.64172363 
 118.60000000 20020047831.16091537 
 118.70000000 20424479624.75010681 
 118.80000000 20837081482.51921844 
 118.90000000 21258018450.71272278 
 119.00000000 21687458909.73060989 
 119.10000000 22125574641.48236465 
 119.20000000 22572540898.10230255 
 119.30000000 23028536472.05271149 
 119.40000000 23493743767.64310074 
 119.50000000 23968348873.99472427 
 119.60000000 24452541639.47819138 
 119.70000000 24946515747.65568542 
 119.80000000 25450468794.75688553 
 119.90000000 25964602368.72000504 
 120.00000000 26489122129.83001328 
