31813 
19636 
2722 
32494 
1114 
3658 
8817 
17662 
4864 
25885 
25808 
4297 
20775 
676 
22498 
10887 
25028 
631 
23822 
12244 
2128 
17620 
24446 
13872 
24390 
22813 
4769 
32126 
7849 
30808 
16554 
12934 
29307 
4014 
10511 
16755 
24903 
23276 
28426 
14421 
17048 
3845 
6171 
14752 
17792 
5262 
6788 
32428 
1810 
21057 
31692 
27187 
14568 
1915 
32573 
10966 
22429 
14013 
25702 
28056 
29012 
8239 
13721 
8289 
31792 
19480 
9838 
17532 
15578 
9575 
574 
20761 
15614 
9262 
10921 
9677 
20942 
2081 
9745 
3341 
12925 
8987 
15900 
20150 
7877 
13210 
11830 
21128 
5475 
20286 
25101 
21158 
6805 
23886 
17427 
7704 
3747 
8499 
7167 
27465 
5203 
21754 
32076 
14986 
1906 
21462 
17849 
18573 
850 
21660 
11207 
4330 
31047 
13382 
23871 
24734 
22314 
20593 
11689 
30854 
15830 
29151 
21717 
16361 
18349 
18165 
15702 
1771 
24340 
28221 
25347 
22811 
9458 
4326 
16756 
24550 
26421 
3391 
21131 
21793 
10061 
12608 
7400 
1412 
12463 
1281 
21107 
25385 
16212 
9536 
32470 
10257 
13880 
11744 
17921 
2207 
26075 
13413 
12964 
30235 
25283 
21113 
5304 
28977 
27639 
16489 
28663 
27759 
24966 
32680 
31327 
16074 
19198 
5451 
10931 
9754 
28150 
21644 
22266 
22937 
29829 
14664 
25342 
11368 
9160 
21121 
32462 
16394 
8799 
15580 
30013 
18151 
20208 
11556 
2656 
22218 
9891 
2757 
27156 
19300 
15269 
6738 
9846 
14535 
15270 
14335 
18025 
28140 
1626 
8744 
25619 
1837 
21499 
21448 
23392 
4299 
27590 
28419 
2174 
14697 
27258 
14236 
5727 
5263 
6364 
7551 
23867 
27945 
21045 
22329 
20747 
10245 
31442 
3195 
14 
13912 
1667 
4252 
8520 
6202 
3869 
11539 
13054 
28453 
31481 
31744 
10556 
8314 
13170 
21156 
11344 
2045 
27498 
15333 
26444 
14932 
30150 
715 
26247 
22411 
11245 
19718 
1564 
28051 
25678 
17765 
28778 
27326 
30935 
22112 
11410 
8261 
23934 
29839 
15612 
21698 
18108 
31025 
19923 
26294 
24589 
3238 
29572 
32516 
4721 
8437 
31043 
21364 
23278 
31815 
16262 
31026 
12556 
21354 
10888 
18252 
32087 
29775 
8391 
18744 
8161 
141 
6534 
16715 
1726 
14299 
15180 
15171 
21638 
21146 
2659 
11966 
5846 
27721 
10074 
12736 
3278 
32270 
7556 
15153 
32149 
26932 
16759 
30045 
7889 
4519 
8077 
8306 
2863 
2170 
31334 
1286 
18657 
18018 
22884 
30350 
24603 
30264 
10030 
26088 
405 
20347 
24622 
978 
15629 
203 
20755 
29552 
18370 
10863 
25935 
3275 
21241 
26832 
1434 
12108 
29308 
28412 
1645 
9285 
4886 
12580 
9864 
4456 
280 
7967 
7533 
31566 
32471 
28389 
14818 
22513 
27436 
30484 
4211 
12594 
30706 
6510 
14830 
22357 
28812 
15704 
8677 
9088 
4188 
23133 
25904 
19008 
26957 
4778 
16488 
15875 
23114 
23951 
3692 
8607 
5573 
16900 
22240 
19145 
14385 
8482 
27817 
21663 
28296 
4261 
7283 
16927 
11462 
17777 
27435 
12461 
29804 
3594 
25733 
6802 
11006 
23834 
31095 
10615 
133 
25583 
28348 
6382 
26125 
15610 
23379 
10473 
5160 
9810 
14077 
8257 
8554 
19503 
30914 
24369 
10475 
9071 
17772 
472 
200 
21524 
11787 
4794 
162 
13252 
32367 
19776 
22557 
20552 
7089 
28723 
30050 
2573 
29355 
8261 
31646 
16038 
30331 
23176 
18817 
840 
12036 
30453 
4032 
28492 
22381 
15079 
30612 
30385 
3232 
31645 
22840 
21656 
3020 
20668 
622 
1478 
228 
22218 
3323 
21285 
25886 
436 
17702 
27715 
28020 
32584 
8253 
4562 
2342 
10684 
17169 
20518 
28726 
2597 
6261 
18874 
16874 
27393 
30659 
4523 
13134 
31406 
23382 
5691 
19888 
32241 
10001 
6992 
15651 
4720 
32471 
17651 
12028 
312 
11537 
12753 
16471 
8504 
6443 
9661 
31891 
18883 
19991 
17452 
27602 
21778 
4296 
23224 
12666 
12992 
1720 
15262 
15031 
2636 
27747 
10303 
31990 
28059 
23498 
19363 
17515 
7027 
8945 
17649 
4749 
20993 
10849 
16888 
3221 
12628 
27559 
10666 
31234 
11743 
30675 
22171 
21272 
4859 
3577 
24966 
24412 
5475 
16820 
31689 
25625 
30134 
12702 
23012 
25311 
13049 
19929 
11773 
26623 
19730 
11914 
12895 
26896 
5966 
31320 
17399 
13165 
6876 
23793 
3286 
27316 
2383 
3461 
16050 
5960 
16160 
25929 
23909 
17616 
22058 
1526 
6507 
12470 
18476 
4167 
14952 
2217 
8523 
27263 
6561 
14620 
17037 
5856 
11390 
19397 
13407 
6709 
7950 
22047 
2320 
29257 
32387 
30696 
20307 
7278 
29617 
27043 
5313 
11255 
3475 
6934 
30805 
28862 
7111 
25037 
19695 
11679 
6413 
14230 
19409 
24314 
9676 
2308 
22309 
4405 
4749 
5100 
19572 
18232 
31357 
21995 
26416 
28912 
28144 
2782 
13100 
29132 
11481 
15208 
3871 
14147 
29010 
23407 
16165 
24396 
18970 
30879 
3901 
28388 
1298 
30950 
1484 
6284 
10687 
26870 
9752 
4808 
972 
23238 
17102 
32418 
15749 
21521 
24701 
24100 
2653 
19670 
10265 
6882 
24936 
15831 
27001 
7277 
18401 
16154 
11737 
28385 
11174 
13931 
23128 
31064 
19895 
5591 
25211 
17524 
15547 
10802 
2728 
20698 
24443 
31122 
15020 
32177 
3941 
12754 
24630 
32552 
17162 
10001 
24922 
25837 
18592 
25136 
7951 
12470 
4225 
16215 
1969 
31932 
1962 
7280 
14719 
12858 
573 
6059 
13598 
20467 
13823 
24057 
8212 
16554 
17627 
2448 
5966 
16807 
22365 
4205 
4507 
22841 
18232 
17101 
21039 
23854 
22976 
22964 
27425 
2397 
2673 
5478 
20461 
9757 
25958 
27633 
30707 
16075 
29155 
18337 
4341 
26696 
11468 
21897 
16797 
6008 
4907 
25601 
31733 
1988 
15533 
20771 
24557 
12696 
1574 
2380 
11737 
20710 
19465 
5537 
18672 
31650 
13553 
14984 
18894 
18500 
3099 
9771 
8434 
1097 
11241 
12025 
18753 
31411 
30816 
8740 
2689 
19076 
27051 
8740 
19423 
19782 
9878 
5426 
30315 
3462 
12052 
9166 
26518 
19796 
5817 
18234 
29626 
7365 
20289 
26620 
30866 
114 
775 
3168 
32702 
10230 
32655 
5875 
28993 
13428 
12285 
5385 
22018 
3854 
10139 
7481 
10830 
20335 
15447 
15836 
16469 
12866 
12610 
31633 
12968 
8121 
28946 
24508 
26305 
16903 
22689 
5890 
8060 
11238 
4460 
8143 
8086 
3858 
31765 
2256 
23605 
715 
10978 
16249 
16224 
23127 
27708 
28288 
31362 
2942 
25904 
27744 
26859 
9484 
15345 
14807 
591 
21843 
21076 
4200 
23877 
167 
4178 
218 
16841 
26592 
16010 
8632 
19387 
24283 
28860 
19919 
7517 
4857 
79 
29363 
8665 
24990 
5836 
28473 
24505 
16051 
18529 
510 
23405 
11045 
15968 
18399 
2505 
15204 
29117 
19071 
21124 
11749 
30099 
7877 
8890 
4512 
20895 
4955 
3947 
31891 
27843 
28464 
2042 
21053 
1925 
16375 
6319 
6691 
18062 
14501 
15669 
26191 
19755 
8183 
17180 
18892 
26575 
20202 
15448 
24363 
18063 
16192 
448 
24321 
18340 
10754 
17808 
18023 
20973 
13817 
13800 
3449 
16234 
13876 
12107 
28119 
22467 
30853 
32545 
14631 
23231 
9219 
13877 
16273 
6861 
10121 
2871 
17985 
10110 
14390 
19771 
3560 
2057 
24556 
26168 
26940 
1478 
7121 
28042 
25460 
1715 
2769 
19057 
30413 
30706 
11289 
26256 
21255 
18505 
11677 
28783 
13289 
29344 
19091 
11769 
18361 
6279 
14838 
24318 
9668 
11438 
11525 
12210 
21724 
11627 
24001 
15149 
25045 
28471 
11634 
7657 
1543 
30513 
21283 
6215 
24015 
26010 
6689 
16650 
12046 
28759 
12416 
18393 
16296 
28018 
1430 
18370 
15367 
28057 
14462 
10674 
11670 
26270 
5782 
5886 
326 
28149 
10753 
31709 
7692 
825 
22566 
6635 
2912 
27304 
4143 
10920 
10176 
6050 
2443 
4599 
28459 
10030 
4717 
8352 
20903 
27252 
28235 
26318 
6587 
324 
17503 
5778 
25334 
1166 
7721 
30302 
8294 
16616 
30187 
25482 
13089 
267 
21804 
25810 
4288 
26710 
822 
19670 
31199 
23882 
17304 
27801 
16542 
1036 
9380 
22019 
7971 
18663 
24050 
11871 
7702 
31431 
16091 
4318 
2852 
30142 
11519 
274 
32636 
23939 
12992 
28019 
30293 
26606 
7620 
16861 
29542 
14205 
11639 
2576 
14700 
17875 
20870 
9263 
4264 
24115 
30822 
834 
7518 
10249 
28107 
436 
18007 
16738 
18737 
17366 
11104 
26991 
27735 
10842 
11209 
15110 
4542 
21720 
31975 
30497 
27438 
13389 
20626 
24413 
20530 
11671 
2983 
8315 
31895 
19450 
3207 
19683 
24305 
926 
407 
26396 
30486 
1038 
20414 
31829 
17569 
6842 
2282 
20192 
17777 
9590 
29324 
4273 
1063 
5370 
7191 
11748 
13995 
32608 
1412 
10036 
27815 
17065 
21969 
31876 
19979 
14136 
8573 
10074 
27015 
29269 
16654 
9567 
4884 
6316 
14220 
4833 
21100 
16587 
10499 
21841 
24973 
26023 
24837 
21957 
15162 
26904 
26917 
19319 
14714 
9816 
12157 
5700 
17431 
5256 
15657 
10542 
3872 
31019 
31946 
1242 
26984 
10921 
4356 
16915 
6916 
25294 
15104 
11333 
21457 
8520 
20714 
27650 
10732 
7724 
17524 
16769 
10295 
19570 
14674 
20250 
27867 
27764 
11196 
29644 
22465 
11891 
9967 
13751 
18712 
25874 
2988 
15522 
28626 
18393 
26295 
23670 
10278 
17844 
22362 
12225 
27152 
26481 
1504 
16948 
18380 
16966 
10778 
19237 
31839 
31304 
8669 
30734 
2574 
21749 
6017 
18188 
26853 
23467 
14436 
29025 
17714 
3630 
31589 
26098 
19975 
9510 
30569 
21450 
5051 
25758 
18906 
17557 
30313 
32391 
3363 
18214 
9327 
1331 
24373 
10738 
10481 
28123 
30726 
17810 
2644 
8985 
20492 
22341 
30915 
10094 
22214 
27499 
3246 
18365 
14644 
22539 
5446 
24015 
14426 
18254 
30466 
8909 
4032 
20994 
6684 
4553 
27637 
10776 
26901 
23093 
28936 
21798 
24365 
25194 
20749 
30438 
9964 
23074 
29342 
11189 
18588 
23806 
10071 
29461 
26828 
9473 
29273 
10796 
5839 
19732 
24264 
5698 
11067 
9088 
26189 
32583 
13930 
3191 
26517 
23114 
32508 
29835 
11472 
1027 
4179 
21301 
563 
2891 
22806 
15695 
23670 
2974 
22959 
1946 
3926 
6048 
25293 
31034 
5140 
13205 
25570 
3637 
24565 
24551 
18854 
18935 
19136 
13220 
27794 
6609 
1347 
1789 
3942 
18293 
8142 
11720 
28068 
31612 
8374 
16895 
23058 
20448 
10964 
32319 
27964 
29315 
13316 
10315 
17392 
22438 
19366 
2950 
19904 
31858 
28960 
892 
11139 
14707 
31321 
5721 
7637 
9495 
2624 
8048 
914 
1588 
5955 
2486 
26719 
22143 
473 
6724 
8993 
21782 
15096 
19161 
1156 
10487 
31391 
13398 
5493 
4999 
1614 
2368 
26024 
13068 
1929 
8257 
27155 
21810 
29273 
3751 
27505 
22922 
31691 
21219 
1216 
9223 
8302 
3851 
12740 
8063 
15065 
21337 
28034 
20528 
10787 
30891 
24773 
30264 
2153 
2817 
8348 
16412 
29004 
17409 
31962 
3394 
22640 
5494 
24213 
16502 
28671 
17357 
13992 
8809 
7972 
4247 
31793 
21550 
2192 
29961 
15123 
20923 
8440 
27775 
12917 
1134 
21908 
20213 
833 
25989 
17057 
15244 
28326 
12453 
31201 
4875 
9367 
9812 
22806 
604 
8777 
24191 
28811 
7435 
8377 
10996 
31115 
1994 
4900 
2537 
23783 
13040 
13709 
10356 
18804 
9461 
11066 
29968 
23179 
21751 
11575 
16927 
20104 
5432 
18642 
30818 
19787 
3486 
11805 
22914 
16058 
17970 
3696 
21131 
12605 
16801 
2788 
24172 
20544 
10174 
13017 
30840 
27317 
32766 
4721 
7912 
2448 
31739 
20754 
25943 
5704 
20977 
24552 
5956 
4445 
10052 
14432 
27284 
22732 
2808 
10926 
16909 
32412 
56 
15433 
32732 
12118 
6352 
5738 
26640 
10372 
8114 
1168 
4892 
16185 
21365 
767 
28761 
30345 
12497 
23868 
22658 
9740 
19748 
23698 
12342 
12383 
16624 
1681 
6778 
18852 
8795 
27530 
15156 
19965 
4014 
1300 
2481 
10260 
18903 
9353 
13088 
18326 
24295 
29066 
3348 
10163 
25748 
30839 
6150 
26016 
17079 
18680 
4561 
26390 
3535 
9335 
6196 
4305 
29053 
15523 
23380 
3345 
11014 
495 
24631 
8732 
5077 
529 
21322 
6329 
15350 
22148 
27356 
12983 
5275 
8966 
22945 
12644 
10907 
9242 
20783 
27670 
28910 
19846 
5252 
30374 
6962 
30934 
6783 
22512 
2090 
9176 
16482 
20565 
15417 
16159 
3159 
12345 
27627 
3200 
32744 
16005 
5741 
3480 
31364 
12069 
12304 
580 
11265 
10635 
23754 
30502 
5909 
24362 
15029 
25639 
9180 
12797 
15502 
23280 
16981 
27390 
5175 
17775 
7397 
175 
11573 
13401 
23250 
28052 
14130 
15778 
29385 
5814 
16509 
27398 
3417 
16930 
24709 
14468 
30582 
7528 
29282 
8926 
9463 
21533 
24396 
17946 
17176 
13913 
31010 
3075 
23288 
28474 
25828 
27305 
1052 
19295 
5433 
13021 
9962 
3949 
21738 
28342 
20271 
24206 
24933 
20495 
3738 
12525 
5435 
12038 
28479 
23099 
8866 
6271 
30229 
8237 
24052 
27807 
13688 
24828 
6190 
3409 
28583 
18916 
2417 
7365 
18759 
7589 
19333 
19435 
3039 
2821 
25681 
14588 
30809 
4940 
24677 
24050 
10631 
198 
32112 
3851 
1692 
27973 
25802 
2378 
17839 
22684 
30187 
4342 
32316 
20261 
8434 
8217 
19363 
8252 
20767 
9475 
32678 
9410 
26457 
20676 
25839 
5531 
17577 
30133 
4488 
29232 
25789 
30191 
18785 
30446 
2150 
16850 
28878 
9157 
28698 
26240 
3846 
21161 
9843 
11360 
24741 
24085 
23214 
17820 
31274 
22403 
19245 
3235 
31354 
19957 
16374 
21159 
19804 
9327 
5425 
15904 
32251 
30843 
21934 
14663 
6503 
6308 
25948 
28828 
8467 
2811 
15315 
24928 
3417 
9109 
11979 
30748 
24562 
11018 
19619 
16153 
18046 
5368 
18140 
7397 
19714 
18046 
27803 
8916 
8293 
27842 
13610 
27517 
24818 
25451 
23159 
2361 
1241 
11048 
915 
1191 
19118 
28711 
32564 
27435 
15336 
8350 
3636 
28010 
16227 
4934 
15888 
3535 
15326 
15835 
21354 
24330 
19070 
31646 
17544 
21132 
31050 
25554 
17362 
5900 
7597 
12354 
23128 
1797 
14071 
13242 
4681 
10037 
24796 
24714 
12669 
13599 
22003 
24326 
1005 
17802 
568 
13320 
13877 
29441 
9611 
30572 
16409 
7249 
1583 
6803 
24317 
13070 
13131 
16097 
8299 
6669 
22380 
7232 
31889 
5099 
6913 
30618 
192 
16773 
5854 
10594 
2543 
12414 
22203 
13324 
3894 
31165 
27570 
27281 
31827 
28652 
3779 
9964 
7208 
24058 
21331 
4255 
4922 
21913 
27049 
29487 
27188 
3521 
29040 
9379 
10339 
20780 
23608 
31753 
32311 
31959 
24565 
22514 
32712 
3719 
31102 
13553 
28495 
17218 
32527 
21535 
6057 
17874 
17096 
29082 
14039 
27973 
17708 
2817 
30848 
2928 
30627 
13818 
109 
19303 
3832 
1709 
1292 
8198 
26075 
1606 
31215 
17004 
28512 
14711 
19018 
16507 
14718 
14067 
9080 
7001 
32658 
19956 
20343 
30194 
19673 
15542 
8039 
21363 
12025 
30458 
26126 
26064 
30841 
31876 
599 
27711 
4932 
16285 
31183 
8635 
25387 
7058 
8999 
15235 
14431 
23346 
24756 
30616 
20987 
20308 
27378 
15170 
28792 
30031 
11005 
16780 
30775 
11649 
9494 
22979 
9211 
457 
29477 
13819 
18283 
31756 
20273 
18826 
8597 
3251 
11753 
14219 
16230 
299 
26910 
20828 
28211 
2660 
31303 
9504 
15923 
21331 
17660 
7230 
5379 
10097 
29051 
10720 
20512 
10553 
22310 
2421 
30576 
6318 
30467 
3376 
32698 
10706 
1595 
31879 
7465 
27440 
2204 
692 
9678 
15443 
31511 
11575 
1051 
21580 
3650 
31314 
14696 
22577 
28886 
30604 
28785 
408 
10802 
28719 
8150 
21792 
1239 
11210 
15514 
26857 
2282 
15535 
31909 
15127 
1717 
24182 
10562 
6226 
12582 
25720 
418 
4681 
18511 
14421 
11607 
1579 
21476 
26734 
16089 
13100 
28097 
18028 
17924 
24838 
7265 
5560 
29336 
5749 
15719 
18944 
18104 
24506 
25 
21945 
22892 
9497 
28640 
2199 
10528 
4443 
3786 
32278 
32290 
2125 
8 
7157 
23847 
11583 
17008 
8373 
2503 
31110 
31483 
16926 
6396 
25338 
20296 
23483 
5031 
4729 
20504 
11609 
10507 
10850 
29648 
10636 
29008 
7450 
8443 
21546 
16385 
5003 
18629 
12494 
1679 
25504 
4480 
16727 
18124 
5834 
4387 
5222 
5488 
126 
6086 
25571 
11415 
25781 
2600 
17272 
3649 
11882 
19497 
24340 
14034 
13856 
15184 
18794 
24463 
6234 
14662 
23152 
20775 
7200 
18009 
7649 
17959 
10625 
11258 
20923 
23940 
20491 
14143 
29889 
7446 
23893 
865 
25850 
1047 
885 
21567 
3632 
11688 
3978 
218 
10354 
844 
12340 
28120 
1682 
32619 
19479 
6145 
29864 
32721 
26716 
11972 
9870 
10284 
7984 
16051 
13921 
21649 
9794 
27651 
13062 
7160 
25929 
15629 
16035 
25275 
7292 
29903 
15650 
32027 
6936 
32108 
4786 
25020 
1502 
25256 
29253 
27684 
11667 
23661 
15378 
12095 
30078 
26953 
27669 
22494 
18925 
30957 
6282 
7987 
9904 
9903 
118 
19798 
11676 
1033 
10782 
19396 
19721 
29464 
4494 
18395 
30293 
4382 
26388 
25951 
25695 
12544 
24002 
248 
29197 
26057 
2543 
690 
198 
7461 
20406 
16507 
28408 
18919 
24949 
28840 
7828 
7811 
20048 
11377 
2957 
22421 
8364 
624 
29277 
5720 
3252 
6438 
1664 
19248 
11992 
24951 
14582 
12321 
23113 
22825 
3781 
21333 
30590 
23912 
1909 
12697 
29361 
3397 
5010 
24801 
14947 
15410 
6958 
19136 
19924 
29832 
5212 
30449 
23436 
2561 
10678 
26065 
28629 
15422 
28889 
31458 
13118 
26947 
12515 
30537 
14618 
20470 
14587 
1105 
24063 
25251 
18122 
19942 
13895 
10619 
31994 
11547 
3218 
13584 
27070 
25253 
28738 
8411 
7498 
24925 
21502 
9654 
20566 
10434 
15408 
15458 
6816 
12148 
32135 
20483 
14695 
23994 
2933 
159 
26096 
6142 
22194 
30114 
15365 
22859 
15287 
16477 
12401 
24022 
324 
20098 
6021 
23922 
26331 
27818 
15254 
22042 
17218 
22736 
892 
26219 
13061 
25811 
10517 
14375 
22258 
10487 
32704 
31412 
8859 
18020 
19171 
28058 
15063 
14758 
9318 
31497 
25665 
15660 
29493 
25169 
440 
15305 
29122 
29287 
8926 
21302 
17536 
21607 
8857 
26253 
8297 
26125 
21908 
16591 
377 
9274 
18623 
18272 
28976 
9589 
4043 
15494 
23828 
9319 
9135 
4590 
32045 
6750 
20774 
19238 
19080 
27084 
14126 
28708 
1461 
6341 
21899 
4029 
19784 
7044 
11074 
21039 
17499 
12006 
25886 
7064 
18699 
17133 
7214 
15997 
15095 
30015 
9285 
15940 
20932 
7077 
27257 
8634 
923 
24204 
25509 
21901 
31657 
25479 
2791 
7891 
8350 
1995 
28706 
7553 
11055 
10930 
22141 
24309 
19604 
2104 
25314 
109 
25867 
9089 
23168 
24974 
19027 
16721 
29002 
26334 
7730 
29330 
10357 
19530 
13551 
11986 
15614 
1953 
3032 
32451 
9762 
15126 
20414 
14009 
9188 
14274 
29556 
16687 
23946 
4128 
22099 
31043 
4128 
14991 
31417 
5429 
19700 
17363 
19590 
8427 
18456 
4501 
30622 
2160 
14052 
13534 
20073 
12913 
15985 
19616 
16470 
10943 
29215 
30766 
24659 
23760 
25104 
22974 
31575 
24125 
14762 
10478 
16089 
18757 
28185 
21820 
28502 
10057 
31946 
14477 
11983 
27470 
14833 
22951 
21320 
31870 
12037 
16055 
19786 
20647 
2367 
20428 
7778 
5819 
6174 
18777 
24480 
29006 
23526 
16055 
22552 
16667 
9244 
11425 
9061 
32640 
15883 
7094 
26657 
10493 
13123 
21243 
7790 
14265 
6164 
6742 
26224 
11773 
27160 
3348 
28369 
12470 
32422 
31844 
27452 
12791 
352 
25049 
6882 
11125 
678 
25068 
24312 
26890 
5664 
24184 
24886 
25395 
312 
6460 
19034 
10642 
31133 
26205 
2211 
23916 
29634 
28385 
9815 
15403 
349 
821 
12350 
14813 
16360 
32168 
11300 
11188 
22307 
13550 
8026 
644 
1937 
32414 
9526 
5449 
18678 
16819 
5519 
31646 
30943 
6415 
15169 
30790 
6426 
1523 
6831 
29607 
7738 
12937 
18492 
1610 
19988 
17499 
20177 
4957 
11845 
16089 
9818 
29489 
682 
30166 
14921 
11708 
23525 
4107 
18 
17688 
13791 
6547 
7597 
4098 
9793 
9837 
8215 
9307 
6905 
1278 
16849 
20907 
10428 
141 
16735 
11161 
27006 
13252 
18378 
9332 
27387 
27445 
24351 
14254 
11570 
6099 
30958 
9308 
12516 
20853 
1228 
14263 
5658 
26967 
5842 
10141 
19100 
3224 
7707 
32017 
18555 
30397 
11081 
3766 
25736 
13356 
18177 
2904 
11482 
29874 
22634 
5220 
22348 
28158 
7090 
26731 
16380 
20004 
10378 
7587 
30670 
15899 
2213 
27750 
25319 
29759 
24124 
2481 
26418 
22223 
6797 
4518 
10975 
11888 
17496 
523 
25310 
26793 
20064 
17608 
12648 
27237 
32240 
19052 
5239 
29300 
24916 
13481 
25673 
3081 
22107 
4308 
25057 
4413 
8412 
8806 
21894 
15755 
4398 
15742 
15682 
20563 
15022 
12636 
2916 
16216 
14908 
17127 
29951 
31041 
3262 
14120 
20585 
14363 
30109 
28109 
956 
25557 
30019 
2983 
856 
1219 
20387 
13612 
24671 
17948 
8881 
22774 
26424 
2172 
3301 
2626 
19981 
1122 
25532 
27506 
29517 
31923 
31287 
10379 
11306 
310 
30555 
440 
8988 
16662 
15535 
26053 
18012 
28003 
23745 
7333 
18026 
11153 
8609 
493 
9351 
6135 
9060 
20310 
20796 
22609 
28323 
30527 
23249 
15934 
15097 
3880 
11223 
31171 
12681 
19000 
22943 
23495 
17269 
952 
705 
10389 
4200 
22934 
15766 
31325 
23821 
22243 
5821 
13235 
6549 
11862 
8090 
526 
30774 
1223 
3282 
28746 
5031 
19380 
25808 
2342 
9636 
11199 
15940 
2503 
19824 
32557 
3743 
9268 
26190 
23657 
2200 
20952 
28167 
12415 
2730 
13827 
31591 
27042 
7571 
4201 
17600 
12711 
726 
16289 
13926 
14471 
21306 
21415 
6449 
3809 
11594 
12379 
18686 
4214 
29651 
16384 
31534 
24235 
7272 
13757 
5413 
27402 
3553 
24607 
4812 
4545 
3800 
2966 
32016 
17441 
17451 
29940 
28769 
17184 
16253 
19441 
13108 
27096 
7605 
17833 
23681 
2054 
13693 
16155 
2629 
19597 
21956 
28588 
10242 
16368 
5180 
11171 
17722 
20187 
11229 
13995 
31736 
25754 
27488 
9812 
26439 
5536 
13253 
21650 
10680 
23042 
1742 
25149 
992 
22521 
9602 
18831 
31448 
15972 
16043 
168 
3771 
12100 
11607 
11277 
300 
14910 
18267 
24869 
11214 
26396 
15307 
30907 
26313 
20556 
387 
29055 
32588 
19808 
21922 
25221 
15877 
11660 
18954 
32197 
32171 
555 
25569 
8857 
20853 
31034 
18962 
66 
15264 
18395 
973 
18530 
29676 
9428 
18179 
29059 
15903 
21262 
22251 
2447 
20609 
15382 
29312 
6231 
19039 
6815 
21249 
4621 
14985 
13566 
14959 
22985 
13780 
10157 
4626 
21511 
32152 
16328 
6389 
2343 
13874 
26003 
8805 
22508 
11651 
5874 
25718 
14334 
12655 
29168 
22142 
3176 
30304 
20281 
8088 
1562 
3521 
27807 
5410 
5736 
27779 
10137 
18751 
29065 
411 
18367 
10582 
8474 
23681 
22863 
11409 
9881 
25523 
6059 
4703 
11754 
6960 
26585 
12531 
20436 
31486 
25346 
21443 
25733 
21924 
28915 
10761 
26122 
20144 
29343 
17733 
25304 
24883 
31899 
10169 
70 
30272 
8609 
25324 
3345 
2929 
19726 
17960 
9174 
26978 
11619 
7420 
23963 
27187 
11976 
32186 
5191 
20490 
1412 
10234 
13606 
11151 
18566 
29461 
9062 
21102 
7136 
19627 
10908 
26073 
27462 
18205 
319 
26884 
13459 
14356 
23340 
26535 
25157 
26361 
3105 
11391 
13820 
19322 
14914 
1997 
17151 
23563 
8342 
9685 
30903 
27747 
24971 
30048 
15665 
7163 
26990 
7739 
6048 
21650 
24820 
1974 
27353 
22700 
12213 
28453 
16342 
25102 
3755 
3683 
8244 
20548 
10935 
21066 
181 
26395 
22300 
8508 
15294 
7463 
20482 
12702 
7129 
31294 
3316 
28759 
30261 
1531 
9059 
30549 
21793 
17980 
14625 
5128 
12949 
19877 
1766 
24038 
17065 
23067 
27343 
23781 
19995 
841 
2778 
16388 
7374 
31006 
1899 
9154 
28742 
21069 
15818 
26789 
3628 
27340 
6818 
6581 
23248 
21078 
31875 
25342 
930 
19177 
9826 
6162 
14776 
22344 
16916 
19076 
31820 
22906 
29398 
28782 
29499 
16713 
30664 
6892 
22919 
19140 
24174 
15518 
30677 
19645 
17710 
42 
12016 
5964 
11732 
11960 
4676 
25162 
24592 
9845 
4708 
19415 
23543 
24849 
14212 
26325 
23678 
2625 
27648 
22891 
27139 
9789 
22227 
2947 
31940 
18498 
17952 
25931 
12133 
22801 
10669 
7608 
366 
28014 
7523 
6398 
10698 
11426 
976 
22297 
31050 
18170 
12453 
29256 
19744 
31814 
9016 
11661 
4452 
12891 
20739 
4910 
21395 
7058 
35 
9015 
25867 
27974 
12762 
4597 
3472 
9818 
7438 
5756 
19914 
26032 
14535 
18723 
12741 
20659 
22197 
4611 
13167 
2510 
19879 
10107 
11549 
14066 
13333 
7343 
23559 
6164 
10903 
4 
29383 
11693 
13932 
2469 
15327 
28473 
11252 
23042 
19504 
4537 
10550 
18507 
17795 
24112 
8283 
16633 
10499 
6185 
29233 
13382 
14785 
29744 
6313 
5297 
28463 
7764 
24922 
25979 
30630 
20652 
14331 
22828 
19168 
31183 
237 
14 
19582 
29530 
943 
1712 
32388 
18542 
25959 
1125 
17368 
3119 
13152 
22978 
12998 
16454 
32134 
7972 
30591 
19296 
236 
9000 
18069 
32685 
25159 
31025 
24449 
12641 
30832 
6118 
7965 
23863 
9958 
1969 
8747 
24297 
18505 
8513 
30668 
14265 
10464 
23560 
25609 
25836 
4372 
11454 
12878 
17993 
24563 
29660 
6121 
5278 
13742 
31778 
9872 
26683 
11804 
2322 
20184 
20341 
11061 
30066 
29375 
29989 
12183 
25038 
2083 
22310 
18692 
29428 
19272 
3291 
2785 
8310 
342 
7591 
6329 
4907 
19161 
26482 
16568 
5038 
1600 
5419 
9777 
2270 
16990 
9536 
31769 
1629 
16620 
39 
20362 
27409 
2308 
7897 
25152 
4005 
2472 
16722 
5407 
1289 
19513 
13587 
25259 
25326 
14080 
11168 
27022 
9803 
24489 
8450 
1814 
8155 
28098 
21061 
436 
29340 
3393 
17403 
17279 
8786 
28924 
22712 
9391 
12802 
25902 
30612 
17954 
21111 
29176 
17068 
31706 
8384 
3550 
23969 
18301 
29872 
24646 
17431 
25299 
16221 
5117 
12344 
23116 
31138 
14769 
4398 
14200 
8861 
14968 
4524 
15245 
20017 
23112 
11878 
10724 
17285 
19068 
23701 
8828 
11139 
19542 
16500 
3190 
20314 
25463 
29637 
4247 
26365 
6248 
23629 
9161 
30625 
19221 
4692 
8602 
16963 
5453 
22310 
30395 
16928 
15683 
7060 
23427 
15163 
14352 
5747 
7786 
22746 
15407 
27420 
32398 
23561 
25599 
24555 
5681 
23062 
24644 
9408 
21817 
2835 
15015 
10625 
2991 
10328 
10289 
1174 
1088 
23294 
27604 
26987 
11967 
14949 
18659 
12018 
23201 
23214 
1429 
26142 
384 
27458 
32133 
105 
8601 
25929 
17461 
1615 
10317 
18996 
22406 
24017 
27812 
29236 
25153 
8435 
14789 
27328 
3730 
1086 
27007 
25876 
26760 
19775 
3780 
13484 
20631 
22790 
12328 
24013 
32277 
12968 
4710 
13308 
4544 
14781 
4827 
2180 
14390 
22754 
4618 
26869 
23676 
19512 
28182 
28063 
27256 
30692 
3403 
6171 
8567 
20109 
30870 
16835 
30376 
18401 
1544 
6710 
1951 
26384 
4951 
13781 
7378 
20815 
20573 
11336 
15391 
29783 
6550 
18169 
19269 
15587 
25254 
16279 
16998 
23862 
12497 
3733 
28300 
9106 
9602 
18857 
17440 
24770 
6341 
4685 
16756 
24209 
17357 
5185 
24891 
26193 
31598 
5127 
7436 
22357 
31395 
3430 
32739 
19831 
15626 
25064 
18591 
22419 
26979 
5980 
7301 
15881 
19477 
9813 
18875 
22847 
25001 
22696 
6606 
30749 
29004 
14322 
13357 
22160 
14161 
3087 
4267 
9224 
8110 
27044 
31233 
6649 
4218 
20631 
8266 
8797 
17525 
23186 
15238 
3633 
13696 
31107 
15895 
23539 
5920 
17951 
5959 
3627 
24832 
24154 
1472 
4575 
26988 
21488 
31250 
13597 
4055 
10976 
2352 
11637 
30549 
26603 
28403 
11900 
20769 
12058 
8342 
4170 
14105 
29237 
28472 
1532 
5693 
12109 
14942 
25652 
10548 
16179 
12911 
30612 
711 
13310 
11062 
27463 
10340 
18313 
32355 
16248 
15516 
23026 
32265 
20440 
14757 
29 
30497 
27164 
15321 
8751 
17414 
29821 
23605 
10771 
28408 
9271 
6875 
16888 
25753 
17418 
22928 
8913 
13939 
2748 
26175 
29396 
28016 
405 
5492 
13308 
27744 
31457 
27874 
17031 
25206 
6258 
24029 
25464 
19916 
25115 
4065 
25366 
3546 
27702 
15113 
17259 
1539 
3615 
4761 
31430 
20489 
10423 
16245 
16954 
32403 
31970 
27303 
29725 
28590 
4617 
22492 
31369 
12105 
11417 
4072 
19934 
27064 
21633 
6974 
830 
28210 
27576 
19577 
27408 
16723 
21685 
6870 
16254 
16283 
10486 
3255 
25335 
20460 
32634 
12833 
11949 
9744 
17222 
12095 
20759 
5425 
6627 
22237 
15473 
29279 
23006 
21742 
9527 
1806 
4424 
26886 
4270 
5013 
7220 
12513 
29532 
25008 
19259 
730 
24458 
26367 
6651 
22645 
17353 
30596 
30099 
18646 
14698 
2089 
4905 
4935 
25348 
312 
22116 
14774 
23283 
8417 
18418 
11060 
12755 
28088 
7172 
32375 
32009 
14644 
18637 
15449 
30010 
12849 
11527 
14935 
9425 
1903 
18030 
1299 
9854 
6672 
30786 
23251 
29618 
16414 
25033 
13824 
17188 
5891 
17611 
26535 
30543 
26127 
31765 
16891 
7409 
4342 
502 
21201 
31117 
6735 
1733 
11810 
10730 
13846 
5977 
18573 
20626 
27691 
21391 
25042 
21589 
19153 
13512 
32600 
11971 
10544 
25704 
30376 
19125 
31187 
8792 
2032 
29381 
11562 
15237 
2178 
20433 
9225 
4191 
7506 
30588 
12839 
11099 
1403 
2733 
12448 
26481 
29882 
25614 
8308 
9887 
32241 
22158 
23814 
6244 
3494 
31711 
24221 
4166 
29825 
4857 
3302 
27724 
466 
28309 
8561 
2948 
11785 
29619 
6703 
21630 
21820 
10261 
15355 
19407 
420 
20674 
9486 
14992 
17952 
8323 
28553 
25821 
10416 
30313 
25582 
20566 
7420 
11333 
15271 
6817 
3787 
29999 
29566 
24550 
31884 
19456 
11812 
12625 
8656 
29144 
9898 
7060 
12750 
31896 
13067 
15714 
8670 
30057 
22176 
28149 
1022 
1843 
25770 
29577 
29008 
15655 
13004 
18911 
1178 
20790 
23437 
30907 
25796 
2711 
4315 
31334 
24414 
11333 
32387 
12844 
4888 
29567 
15546 
29407 
10824 
9798 
21143 
5459 
9575 
12770 
18582 
7904 
13716 
22878 
19223 
30691 
10000 
29703 
23773 
12861 
23488 
15345 
6544 
24531 
21934 
11378 
2107 
30988 
20872 
28836 
32206 
21334 
28960 
25064 
3997 
10145 
30186 
5726 
5600 
10466 
2945 
32622 
15921 
10897 
8739 
6210 
11793 
22316 
22832 
9289 
13667 
30386 
31150 
32182 
4334 
17705 
200 
29694 
15584 
22809 
14923 
14942 
22342 
6670 
27432 
26195 
4757 
18201 
3061 
32288 
14372 
3407 
4971 
5964 
15024 
11849 
20713 
1313 
22743 
13987 
22256 
5933 
20381 
17534 
30117 
26565 
7401 
24061 
17747 
14973 
21001 
22475 
16614 
27314 
30250 
19348 
28784 
27137 
30945 
7815 
9128 
20172 
13477 
6107 
15462 
29372 
339 
1863 
2344 
8505 
22185 
31624 
12177 
22004 
32459 
2271 
9956 
2910 
22721 
8080 
17037 
6447 
10998 
29284 
19609 
8928 
1466 
27944 
12345 
5680 
13761 
15148 
13379 
14755 
18083 
24005 
17841 
19198 
5466 
21195 
21024 
11725 
29383 
19228 
12881 
10717 
22061 
28951 
9388 
14786 
8116 
16161 
22456 
26962 
27367 
26148 
1188 
17448 
28983 
17419 
6594 
21538 
31862 
27207 
29958 
12260 
26972 
13389 
11916 
6483 
14854 
28182 
29455 
11290 
14450 
2717 
28274 
7208 
10500 
27237 
17979 
1072 
3332 
12784 
9235 
17448 
29981 
12361 
20552 
28619 
25568 
21883 
23627 
19735 
16447 
14616 
23858 
25295 
22546 
12467 
13879 
5882 
29334 
30310 
29495 
23906 
29417 
24397 
13108 
30230 
2703 
8713 
8915 
15336 
31728 
11582 
1758 
752 
27863 
3605 
22212 
1799 
18677 
26298 
26388 
27213 
13404 
29919 
9222 
17316 
3588 
10296 
23538 
15667 
586 
18685 
6615 
17124 
11628 
11883 
4053 
16613 
19982 
1347 
4531 
29227 
1976 
9802 
8026 
16106 
13653 
31943 
32600 
11038 
19382 
32008 
26974 
21766 
19469 
10973 
16578 
932 
18035 
12315 
24318 
17726 
27746 
794 
28207 
7648 
13115 
7480 
21399 
17879 
1729 
16724 
10779 
30775 
2972 
21076 
19654 
20823 
29144 
14751 
28996 
15696 
22371 
23971 
21096 
30337 
14995 
10321 
27303 
5134 
31901 
7580 
16026 
10332 
29727 
510 
14207 
28566 
3991 
4338 
3513 
3627 
2025 
17275 
17228 
24398 
8925 
9884 
11874 
21365 
1439 
16862 
5065 
24283 
5949 
3533 
20850 
30718 
29484 
31355 
6387 
9762 
27588 
1531 
14854 
8140 
7359 
25319 
32008 
31047 
3519 
11995 
3451 
25378 
25797 
14584 
29829 
30896 
10426 
22626 
9070 
7814 
5098 
21186 
3622 
28929 
30339 
21189 
21948 
17086 
10522 
28315 
744 
11040 
3879 
15993 
20611 
9422 
10629 
791 
1545 
15410 
14579 
23602 
25118 
19963 
28821 
3852 
5382 
21915 
14451 
23783 
19243 
19402 
32761 
27021 
18331 
5377 
8309 
12747 
3719 
0 
20381 
4594 
8133 
21577 
8710 
23637 
16719 
28834 
7598 
32717 
22978 
31127 
23667 
15928 
23264 
6134 
16025 
29429 
15375 
18257 
11593 
26986 
1240 
13439 
27916 
17279 
26472 
11291 
84 
28704 
27410 
6404 
6643 
12734 
9931 
4827 
8098 
13519 
2988 
31881 
15484 
13898 
16244 
12982 
896 
14892 
1796 
19027 
8722 
20981 
16609 
24337 
8826 
29483 
28597 
29159 
15972 
24022 
21710 
22416 
16735 
4867 
6813 
14090 
31582 
23362 
3896 
6169 
17210 
23847 
28377 
450 
2349 
17356 
15966 
10448 
31065 
30029 
13767 
11858 
11839 
22859 
15034 
28187 
29512 
12139 
27394 
23873 
5952 
30164 
14092 
30879 
20182 
24500 
3177 
17235 
10013 
23483 
4174 
21824 
2062 
10910 
27159 
31117 
18179 
1429 
7616 
23844 
18750 
21726 
30314 
19764 
13920 
30264 
220 
1455 
15090 
4968 
5632 
4045 
23264 
2232 
30050 
12424 
21497 
23411 
28596 
26398 
4208 
16490 
8525 
31633 
10590 
12915 
15525 
7466 
31038 
6372 
25818 
4338 
15983 
32284 
6190 
28728 
19894 
22011 
10887 
30478 
21689 
21604 
20462 
25292 
11397 
21442 
14096 
24715 
15368 
19329 
13248 
2987 
27288 
22160 
31091 
31821 
8811 
18918 
26051 
26074 
25372 
23290 
23276 
17786 
25645 
22089 
10834 
8350 
18303 
26068 
3833 
21367 
23516 
26527 
14348 
28540 
28525 
21555 
25431 
10728 
12868 
13596 
1996 
23098 
10452 
11116 
4098 
2227 
11892 
1591 
9393 
3292 
2015 
26901 
1847 
15357 
1463 
676 
31766 
10150 
14077 
21251 
17780 
27690 
11163 
599 
11674 
3871 
18138 
18250 
8566 
28128 
8684 
23942 
23321 
15371 
32356 
3135 
7225 
4612 
18617 
15527 
30895 
2928 
10950 
8311 
12538 
30138 
11853 
26733 
7355 
3729 
28527 
2760 
9527 
21096 
24374 
6606 
20441 
23285 
5644 
10823 
22701 
19890 
13888 
18943 
23781 
23135 
24200 
1607 
5464 
18814 
11386 
629 
8446 
6870 
20242 
7775 
24437 
13297 
10543 
11492 
23424 
7838 
1046 
14948 
17794 
22383 
20973 
25411 
32263 
11324 
65 
14954 
12348 
10911 
23169 
16325 
31858 
7797 
31873 
26310 
12959 
8291 
21751 
11489 
7389 
13391 
14337 
16398 
23017 
30691 
414 
13642 
18341 
24845 
18480 
20246 
32150 
3201 
7937 
21494 
22374 
7222 
26811 
29939 
3940 
9701 
14830 
17434 
26879 
12686 
19341 
15099 
27471 
18418 
32113 
20779 
11148 
4378 
26837 
8898 
10133 
718 
729 
9950 
12394 
7967 
20223 
30238 
25778 
17118 
8625 
8488 
15158 
1058 
29369 
5923 
7524 
8390 
16327 
7229 
4557 
31976 
32494 
20518 
30375 
12652 
8487 
17556 
19532 
10871 
9421 
9149 
4025 
22004 
14368 
26336 
9487 
25106 
27586 
7356 
21014 
3012 
30013 
16407 
18613 
32064 
379 
7737 
16764 
15489 
5964 
19822 
9754 
10693 
2532 
13192 
19431 
3599 
31578 
7258 
15963 
14758 
28458 
24638 
6549 
12948 
27827 
6800 
29909 
29480 
12730 
28721 
23810 
14453 
29925 
26117 
24357 
24785 
14401 
18293 
8940 
23126 
11197 
7406 
5416 
8548 
8109 
12896 
8783 
20253 
1864 
11712 
251 
14312 
2858 
13702 
3177 
6639 
11219 
10031 
12027 
23456 
29734 
23996 
23735 
23088 
15338 
2097 
7621 
18451 
31308 
4120 
10485 
7046 
10331 
4092 
3638 
3333 
13195 
23022 
28960 
9685 
51 
3587 
21355 
24188 
31759 
16595 
28534 
19779 
16575 
12796 
8898 
25787 
17989 
4765 
26740 
16949 
9611 
23516 
25558 
3144 
27355 
13665 
31446 
24911 
30821 
27608 
133 
21993 
30909 
30578 
28569 
887 
24922 
4709 
13548 
9890 
1304 
24423 
2555 
19922 
14007 
8247 
24424 
6072 
31578 
31765 
22393 
453 
19720 
22085 
20630 
18096 
27950 
13456 
32719 
19699 
18203 
13762 
6995 
9551 
25219 
6189 
5370 
6468 
26109 
20516 
25789 
18842 
10630 
11905 
25400 
23771 
22779 
5921 
13359 
15831 
9890 
18274 
16646 
27166 
3490 
11436 
17223 
20617 
9350 
19173 
24352 
16306 
32702 
13051 
19938 
25719 
9246 
2398 
6276 
22651 
2397 
7299 
25118 
16549 
11415 
2914 
17006 
31647 
13004 
31736 
12374 
24664 
7007 
25030 
31835 
3202 
663 
21585 
23336 
17173 
29730 
30112 
10 
23242 
19853 
26817 
18289 
15521 
12493 
22597 
29045 
29276 
1721 
3263 
27727 
17666 
4493 
4936 
11995 
27484 
3945 
29694 
8989 
18555 
27856 
30849 
8377 
14896 
1833 
628 
30585 
30611 
32577 
29186 
2507 
32637 
7112 
7254 
30529 
5902 
15312 
21026 
22287 
22567 
22865 
30233 
656 
20465 
7079 
9077 
28609 
11604 
31250 
25714 
7109 
32641 
28213 
30929 
1375 
1129 
13976 
11350 
14203 
1859 
10534 
15690 
25510 
20234 
5551 
21242 
3216 
7420 
14439 
1078 
16529 
15133 
15461 
28114 
25634 
6834 
20005 
22825 
3168 
710 
15879 
29333 
27020 
20137 
13006 
4088 
16782 
15468 
27682 
1846 
31341 
19302 
5390 
5304 
13528 
10929 
9858 
20971 
30368 
14254 
22994 
15295 
25916 
3197 
11062 
18729 
4164 
7814 
27720 
4514 
19446 
27891 
26249 
933 
7092 
16179 
3548 
11061 
11396 
29561 
17161 
2132 
24463 
23866 
9787 
30093 
25763 
13235 
31106 
7787 
25777 
4193 
4946 
1536 
15438 
32135 
24835 
7519 
17974 
5292 
31055 
27170 
13765 
11545 
16087 
15588 
381 
6751 
4766 
30664 
23939 
31440 
5772 
25841 
17953 
5633 
32748 
7432 
6725 
19279 
31214 
32185 
17921 
4182 
6182 
12342 
32009 
32635 
22796 
16306 
1337 
30308 
14458 
16359 
4364 
17530 
21041 
914 
10789 
26990 
5204 
25329 
11210 
25521 
491 
4684 
19812 
3835 
1377 
2153 
15617 
4805 
21254 
29973 
18898 
24782 
23439 
18338 
7853 
17306 
20113 
17764 
3211 
31982 
11529 
12340 
25867 
29782 
27607 
31981 
25838 
30111 
9790 
6641 
11929 
32605 
24678 
17829 
21655 
8550 
23003 
29936 
29716 
27477 
28683 
18880 
24418 
27400 
4299 
6533 
22648 
15139 
15571 
948 
23406 
8587 
6717 
6214 
30979 
15851 
5898 
3639 
16663 
18482 
7069 
2567 
15665 
24339 
19774 
29756 
31482 
26244 
24728 
24541 
9920 
30272 
31804 
249 
13812 
22597 
11036 
13086 
8620 
5974 
24336 
4067 
12577 
7546 
853 
5471 
21554 
25211 
7945 
23727 
3552 
10856 
1968 
24691 
28369 
21523 
9138 
21329 
8141 
14228 
15578 
1649 
31811 
5316 
25305 
24576 
15557 
4547 
24001 
25006 
12680 
18803 
12426 
16175 
3301 
27131 
11153 
1213 
15834 
25413 
3860 
19861 
23178 
9599 
15799 
2678 
6841 
28574 
32514 
22565 
25169 
11734 
20960 
26091 
23519 
26659 
20258 
27669 
8983 
16580 
7162 
12915 
32588 
699 
27777 
9946 
11769 
16462 
5681 
931 
15675 
393 
12907 
1577 
30292 
697 
20722 
13646 
22569 
754 
14958 
14327 
8645 
8843 
17131 
15244 
27860 
20893 
11352 
27257 
22569 
20103 
6408 
29359 
16952 
13421 
3635 
7203 
5021 
6580 
1654 
28494 
6547 
16007 
5199 
27564 
28798 
19285 
5282 
20029 
32354 
8017 
28983 
26631 
32105 
12017 
29498 
1170 
5728 
29296 
9657 
24682 
2875 
25676 
18474 
12193 
29069 
4041 
20706 
13387 
32017 
12140 
32671 
25856 
23076 
23424 
32767 
9053 
6216 
18580 
7174 
643 
9378 
5626 
32412 
7574 
21629 
11338 
1549 
32319 
32709 
11230 
9863 
4907 
11149 
27476 
23712 
13961 
17546 
1551 
12237 
17552 
27029 
31414 
17644 
16888 
17965 
22963 
187 
4732 
31986 
949 
14942 
16222 
8747 
30766 
32221 
19938 
17986 
13270 
24228 
9682 
4162 
7974 
23042 
2041 
26720 
3294 
18858 
5288 
12911 
18560 
26165 
25140 
6250 
13522 
22941 
9078 
25838 
31328 
25027 
24137 
28093 
17911 
747 
12816 
3645 
5932 
19003 
11821 
12790 
7891 
8255 
14475 
28440 
11656 
11112 
1045 
12531 
12842 
17032 
5949 
29308 
18522 
28504 
25206 
2255 
22273 
243 
26298 
32168 
16071 
11864 
27653 
31208 
6301 
18667 
18392 
16406 
1076 
32500 
13239 
14043 
1667 
11807 
13227 
901 
30789 
17915 
3264 
13446 
1144 
14971 
19336 
31730 
14047 
1656 
23191 
31236 
6786 
15917 
10501 
6041 
26665 
12729 
24815 
28851 
17636 
8096 
11766 
20216 
4230 
30538 
5054 
13361 
17445 
11139 
21616 
29899 
24732 
5370 
26425 
25177 
27913 
25794 
32457 
1552 
1359 
9940 
8149 
27466 
30869 
21643 
18326 
31235 
30661 
30502 
8775 
24927 
21518 
23113 
20906 
4642 
19810 
20093 
17284 
18742 
28921 
31659 
6172 
10793 
1997 
17317 
6336 
27053 
5403 
13470 
15937 
2070 
25832 
2988 
18290 
7135 
10874 
18253 
24493 
11302 
11995 
18911 
21837 
6955 
3930 
3111 
24629 
8404 
3081 
24523 
30792 
21804 
26176 
16856 
15343 
19168 
20248 
15677 
26262 
14785 
26097 
23885 
22319 
14661 
18156 
12353 
9901 
2821 
10610 
22964 
20106 
30016 
3755 
13605 
24386 
11607 
8 
2168 
18134 
21071 
23994 
18038 
10058 
30546 
15672 
24904 
15655 
15918 
22461 
11520 
22010 
469 
2248 
21009 
22227 
4315 
23706 
20434 
21191 
30715 
11963 
3838 
12654 
23699 
22646 
1079 
25957 
26403 
28504 
25214 
13005 
15826 
5045 
23997 
1483 
3817 
20259 
32061 
22790 
11093 
765 
32304 
11308 
12585 
26337 
17961 
2669 
17946 
5939 
26015 
8446 
25090 
13208 
10862 
26008 
10590 
3451 
16981 
19702 
22480 
26251 
28024 
4443 
15005 
16187 
16608 
2313 
15151 
13633 
30967 
3275 
31124 
29207 
23565 
28268 
30462 
10621 
11477 
32574 
20545 
10229 
11496 
9876 
2137 
28998 
12097 
2120 
25313 
28410 
15039 
15158 
20124 
12000 
15527 
4030 
24560 
12682 
19231 
26182 
23398 
18640 
30644 
5558 
20524 
1611 
12757 
25083 
17043 
14811 
14678 
644 
26257 
34 
8430 
14536 
27200 
24839 
24760 
30398 
20573 
32307 
30902 
5475 
23241 
20887 
9034 
6968 
1292 
31716 
6075 
4801 
3789 
8978 
23734 
28936 
5723 
24794 
10954 
3096 
17192 
16700 
24298 
8578 
73 
20729 
31983 
27866 
18167 
15385 
16916 
20027 
30992 
31847 
18297 
191 
19351 
6129 
13472 
24840 
16687 
28553 
499 
17339 
13476 
7494 
19260 
23551 
29539 
25347 
12843 
12803 
26621 
10462 
20692 
10613 
21672 
3003 
15406 
6155 
7614 
31679 
5780 
27646 
9276 
27349 
12872 
25225 
12356 
2860 
17388 
20079 
27548 
7607 
9479 
28275 
27692 
20652 
9862 
21469 
20099 
11782 
29496 
22780 
24659 
6659 
593 
10142 
23281 
24998 
6632 
20378 
11734 
22838 
24953 
27975 
22816 
2749 
1123 
24578 
22546 
29834 
25707 
4268 
7056 
22448 
23608 
18473 
5284 
5765 
4565 
5602 
20220 
8995 
22834 
17987 
7017 
32234 
9890 
26942 
19041 
17404 
4446 
26823 
30334 
19904 
26113 
12118 
24317 
23904 
18699 
24169 
21056 
23882 
26975 
5375 
10316 
11955 
17092 
17949 
19788 
2063 
28775 
8012 
23564 
25499 
3927 
32537 
18559 
32211 
12552 
31636 
6714 
25596 
24017 
30930 
14070 
4763 
10094 
20332 
15634 
9212 
19327 
765 
28174 
3757 
26119 
2216 
10513 
29696 
13293 
7567 
30052 
32396 
25982 
11613 
7413 
20652 
233 
18621 
22229 
767 
21698 
11233 
443 
13030 
31360 
21756 
28287 
8458 
26879 
10952 
15007 
24531 
5887 
13057 
15037 
4593 
11683 
22759 
29982 
14551 
19186 
17344 
11309 
4924 
21593 
15700 
30966 
2968 
22824 
10352 
30124 
13997 
1296 
1891 
30756 
25083 
8876 
4740 
23639 
12874 
11765 
24234 
24292 
21028 
30411 
5042 
1931 
12376 
21363 
13053 
9140 
20089 
25364 
28143 
20710 
8029 
24633 
3185 
5968 
30111 
850 
25456 
5187 
541 
30003 
23388 
13493 
25210 
20883 
1706 
32704 
16285 
14734 
18514 
28961 
31792 
30244 
2642 
25530 
29474 
10936 
1065 
3089 
17957 
6034 
4444 
719 
15409 
27741 
6133 
24385 
12287 
10921 
32511 
25050 
3727 
6250 
13579 
11951 
26019 
17015 
18094 
6137 
577 
3852 
1281 
30871 
7989 
24649 
15392 
7818 
9101 
18097 
31147 
17783 
28955 
17323 
25416 
8488 
17143 
7173 
7455 
30731 
7162 
14956 
16476 
19889 
17732 
8693 
25008 
7505 
23734 
28823 
10193 
9283 
29561 
29102 
29174 
15493 
15477 
16506 
3676 
18233 
19163 
31390 
195 
10021 
24732 
674 
22770 
19250 
19695 
21105 
6447 
18669 
23247 
24027 
11463 
1801 
20346 
1300 
28300 
30683 
30964 
5939 
16210 
25565 
19586 
25781 
11377 
17451 
5423 
25079 
9798 
11529 
12875 
22975 
18098 
18523 
26086 
12212 
10138 
24620 
13145 
13025 
18789 
31016 
19902 
55 
2433 
32033 
5747 
29960 
10462 
30093 
11164 
12684 
25201 
22023 
1694 
11103 
4530 
22218 
10916 
20481 
26911 
24377 
25373 
14165 
14519 
90 
4667 
26147 
17536 
32598 
3958 
8342 
11009 
28666 
5640 
19646 
23497 
24377 
17263 
25871 
7654 
3496 
9710 
31457 
9838 
14849 
23307 
18670 
16122 
31649 
15890 
21975 
31782 
11529 
9873 
9887 
1042 
26209 
14043 
302 
25828 
2032 
14981 
16079 
31556 
21669 
5356 
11954 
26847 
7314 
16300 
2155 
6884 
30571 
22826 
28274 
24714 
3851 
17164 
161 
4488 
31216 
20667 
32441 
17563 
9658 
1512 
31453 
5636 
20912 
25860 
7189 
32263 
6459 
19910 
28876 
14189 
3688 
27562 
20819 
13827 
25706 
13420 
21084 
11545 
10774 
30353 
18303 
9732 
5222 
30686 
21944 
9884 
22775 
9182 
5607 
26558 
6283 
19041 
18255 
7115 
22919 
28152 
4632 
17704 
4725 
8826 
22990 
7356 
17540 
31618 
8159 
2165 
9731 
2798 
30240 
8644 
23786 
28514 
329 
19484 
18769 
29379 
2932 
23414 
24566 
14524 
9890 
19152 
5308 
32060 
24374 
681 
21798 
25334 
32376 
12167 
4832 
20960 
23827 
10354 
24119 
26036 
17816 
25974 
4252 
27763 
26361 
1573 
1829 
29917 
22287 
26642 
27916 
27897 
9492 
19799 
5678 
20628 
31785 
4880 
27021 
26554 
21969 
30686 
23502 
5438 
15476 
29285 
31164 
13624 
7645 
6094 
707 
2945 
11709 
4677 
4982 
16953 
22566 
10108 
24585 
30786 
17425 
20263 
32472 
24515 
26072 
22910 
17118 
27813 
8636 
9662 
9790 
4889 
32352 
26792 
17598 
5648 
26444 
768 
26183 
26050 
32620 
26640 
6503 
3624 
910 
5155 
24015 
13698 
15591 
4874 
24277 
10962 
911 
5786 
15859 
1118 
20736 
7467 
27974 
20018 
25243 
10267 
6672 
18587 
27684 
585 
10039 
13997 
23105 
5786 
14275 
15550 
9470 
22136 
18788 
20201 
12876 
12366 
24297 
12173 
18557 
5645 
15050 
32203 
4297 
5035 
10655 
21516 
10701 
30110 
23719 
30328 
18951 
32613 
21570 
4479 
29275 
12800 
23159 
2132 
12433 
8819 
3439 
21357 
29141 
24646 
31224 
28421 
25909 
27656 
17923 
22938 
28199 
15816 
27431 
8816 
9984 
23450 
283 
2059 
29566 
24 
6208 
9913 
9023 
20702 
9237 
14086 
9287 
9485 
30144 
23621 
17790 
23497 
18060 
782 
2352 
17083 
21093 
20411 
1931 
3216 
606 
7402 
24869 
22392 
10027 
2558 
16755 
17320 
17320 
6558 
29011 
6616 
26449 
24628 
31107 
453 
6343 
17006 
21799 
18608 
20561 
17345 
13383 
14302 
600 
25825 
20047 
31510 
14826 
4683 
17550 
5926 
17208 
8892 
5303 
28766 
26137 
26038 
7011 
24852 
12421 
16898 
9868 
24606 
20762 
25641 
6163 
14171 
410 
31993 
6204 
18986 
362 
4103 
22573 
27633 
8213 
21031 
25715 
18071 
22471 
6133 
1916 
20747 
30675 
21584 
15390 
21947 
24366 
9945 
12302 
2334 
18162 
31353 
22122 
12330 
7387 
13272 
2608 
22238 
28109 
28647 
16580 
5818 
24652 
21079 
19567 
27970 
16130 
25631 
11994 
8831 
4925 
506 
31639 
16254 
20334 
23270 
19096 
5326 
2476 
32422 
15030 
20742 
17967 
31809 
1068 
10045 
20949 
4226 
6937 
1424 
11424 
25718 
25089 
23456 
1078 
23537 
27725 
28946 
15967 
29705 
20678 
19469 
5003 
12696 
3102 
10175 
14666 
8127 
29543 
31448 
7378 
24158 
13978 
3597 
11644 
16541 
29458 
8854 
14151 
31590 
22030 
10416 
19796 
25576 
20274 
1565 
17512 
15893 
21255 
27807 
15725 
6949 
11638 
16513 
16369 
18449 
25681 
3854 
25765 
19481 
10699 
5399 
4064 
30527 
24314 
21873 
15386 
202 
9820 
16245 
21617 
13764 
1615 
25983 
7975 
14204 
7064 
17263 
14370 
18948 
23517 
5419 
7019 
12979 
26667 
15643 
16303 
9893 
28529 
15019 
16577 
18742 
8450 
12493 
6678 
14987 
12055 
31861 
29000 
13834 
24907 
23323 
28820 
16604 
14109 
8508 
12635 
26738 
6770 
216 
13989 
4349 
8720 
24565 
30617 
21492 
25636 
16156 
31238 
28306 
22716 
12247 
31966 
16470 
19534 
23353 
12981 
22913 
25136 
6230 
3142 
6555 
10014 
4806 
4846 
24047 
13239 
294 
21296 
16394 
24319 
27544 
22319 
25664 
223 
574 
12599 
22567 
17569 
962 
5685 
282 
2932 
13265 
2106 
6839 
24302 
24987 
4348 
17762 
29573 
32342 
3157 
9408 
15125 
17336 
705 
3644 
1885 
27264 
5092 
18309 
15490 
28909 
28930 
21774 
5002 
28997 
26502 
22668 
27874 
2127 
31612 
32636 
13017 
19418 
4631 
411 
19490 
20788 
11307 
12140 
7766 
17331 
12467 
4278 
8304 
2864 
18253 
4867 
32079 
647 
17081 
18466 
17976 
15897 
7006 
13477 
13649 
25162 
31173 
11876 
39 
2563 
20763 
19192 
14889 
15664 
2483 
24129 
18219 
30531 
15235 
2273 
24036 
15791 
30882 
22207 
6768 
18031 
10192 
28036 
8398 
11901 
28398 
19233 
20323 
16475 
11649 
5191 
373 
19085 
1844 
29422 
25009 
1564 
32339 
1231 
19622 
3349 
7761 
23017 
17224 
24840 
13890 
768 
28014 
394 
9057 
12313 
11347 
4787 
11148 
24320 
15641 
5025 
26563 
6594 
27458 
9459 
16045 
17715 
21301 
24398 
28435 
32618 
13503 
14812 
10851 
3648 
21903 
200 
16174 
24020 
29625 
23491 
21418 
3849 
18484 
25730 
12337 
5639 
6492 
19774 
6592 
26806 
23920 
5939 
15481 
15686 
27925 
22817 
9761 
22698 
17873 
5582 
20643 
27928 
23697 
8834 
15499 
2187 
36 
7561 
7052 
4929 
19390 
29877 
2810 
24125 
10614 
31705 
24145 
16838 
25800 
4943 
31148 
19430 
19731 
24179 
15439 
32492 
26652 
2598 
31517 
8171 
13450 
9036 
2851 
5432 
31848 
32078 
23563 
21744 
14246 
10393 
8874 
25456 
32407 
31005 
4979 
25051 
3189 
7374 
11521 
11416 
20953 
16935 
4753 
2512 
5955 
20130 
30341 
26612 
12184 
9537 
5346 
11318 
15006 
32008 
15827 
4363 
30594 
18305 
28708 
5295 
10068 
10039 
968 
30625 
32645 
30267 
25683 
19235 
11375 
23714 
23425 
4027 
25549 
30468 
27565 
25525 
1855 
3327 
14939 
16799 
22216 
22450 
2735 
20171 
13135 
22595 
18419 
14800 
28961 
15961 
8213 
10505 
14958 
24227 
11814 
14613 
455 
14671 
13532 
2901 
1190 
4243 
26897 
25714 
24038 
3880 
19522 
23252 
10311 
32458 
5905 
5419 
12524 
3770 
13252 
6378 
14813 
10812 
18628 
10439 
19589 
24344 
21278 
13117 
7220 
21533 
20741 
20747 
30878 
20378 
31821 
21426 
20570 
19939 
5362 
25594 
17252 
10194 
15248 
12397 
17819 
18755 
23528 
11226 
20804 
30615 
10081 
23508 
10630 
10291 
8068 
14129 
11500 
26366 
12415 
5260 
14310 
19685 
23460 
10435 
5960 
1626 
29159 
5497 
2761 
27089 
24163 
1940 
22405 
7747 
213 
26049 
27260 
20907 
6175 
3820 
2833 
32651 
15559 
10440 
7564 
18280 
27509 
32333 
30104 
21321 
8057 
28212 
14533 
20028 
32067 
27005 
20743 
27346 
3305 
490 
28469 
31134 
1188 
2177 
7563 
4025 
9043 
15374 
25129 
15681 
6902 
1951 
29074 
21461 
2869 
20742 
28974 
15643 
3031 
22363 
18888 
24891 
18251 
8567 
2576 
7521 
9506 
31865 
22810 
19007 
1171 
2629 
30941 
21128 
1782 
24576 
22709 
22902 
27209 
13462 
14306 
28997 
29614 
7989 
22535 
25014 
27115 
26063 
16300 
32397 
8168 
23451 
3260 
3603 
3893 
20372 
22279 
16277 
642 
2808 
8897 
12770 
20517 
24523 
25346 
2513 
9367 
18258 
3140 
6329 
23799 
4248 
14056 
4856 
29062 
7917 
20912 
22125 
28713 
14433 
25670 
16637 
1770 
25677 
25012 
5905 
7799 
22987 
2795 
31254 
1186 
32313 
24893 
28412 
9951 
29627 
10466 
29880 
23753 
14261 
31606 
10947 
17054 
20821 
27257 
1944 
9150 
4103 
12750 
7994 
29999 
23038 
31293 
31147 
24604 
2738 
11249 
31094 
23634 
24925 
20731 
21030 
23234 
32637 
1997 
3788 
2 
30549 
1471 
10366 
28363 
27243 
10637 
11474 
8828 
14347 
7639 
29799 
22934 
15299 
2976 
26973 
4158 
7142 
23760 
24024 
2751 
10249 
3762 
29313 
28677 
18312 
5239 
3332 
29730 
30722 
18865 
24211 
4813 
23513 
29912 
31329 
23006 
22707 
22984 
31784 
17363 
17916 
23617 
16036 
8783 
11106 
12902 
8726 
6293 
3927 
10047 
25282 
9745 
21906 
27959 
32626 
16592 
11663 
159 
12272 
3 
4362 
6697 
27535 
22144 
21128 
12653 
32675 
23873 
15310 
3944 
13828 
11746 
15463 
28920 
2960 
19751 
10275 
14689 
30374 
9589 
1427 
13515 
15787 
4436 
27790 
27329 
23945 
30195 
29871 
179 
43 
28068 
13268 
11381 
770 
603 
19616 
14015 
3459 
30772 
3322 
3499 
14247 
10218 
7309 
26426 
16489 
26976 
15174 
29647 
21580 
3612 
4057 
8370 
25555 
27591 
1596 
27279 
2566 
30383 
15913 
16372 
756 
27717 
2464 
29654 
12843 
3487 
31588 
16397 
14658 
27127 
1401 
22483 
7759 
14634 
10156 
2633 
625 
17978 
11787 
29938 
26696 
27084 
32617 
17974 
2680 
5290 
31708 
4065 
16938 
27203 
27454 
10657 
32139 
27430 
31663 
9099 
17994 
12171 
20497 
18583 
22558 
12746 
7818 
12575 
18238 
10466 
24326 
25956 
14056 
29427 
2483 
4105 
8154 
4036 
25987 
16534 
9948 
11070 
26286 
15863 
820 
14319 
7469 
26874 
30000 
6536 
13120 
11989 
19616 
24415 
31720 
2973 
32601 
3822 
4462 
7376 
20403 
32338 
986 
17356 
780 
16077 
6013 
22613 
10307 
5956 
4968 
27411 
28222 
3778 
8178 
6161 
2660 
1779 
13622 
26944 
12068 
26282 
6547 
18674 
4716 
21596 
28714 
1120 
1074 
162 
22371 
24100 
5359 
186 
5993 
12479 
19487 
14599 
24745 
8468 
28354 
22413 
6743 
24811 
21982 
24182 
16617 
368 
21755 
16016 
21658 
21938 
12453 
460 
22504 
25892 
9454 
1472 
24086 
28190 
31721 
17958 
10667 
30813 
13360 
14171 
23282 
30591 
14176 
12513 
11896 
32136 
8343 
26590 
19344 
32096 
4860 
31130 
8914 
7507 
8248 
1541 
23704 
6544 
16117 
23086 
22400 
13994 
20838 
10957 
14061 
17434 
15295 
24251 
389 
11962 
2744 
26996 
20404 
9035 
10767 
13724 
2600 
16625 
11011 
8055 
14420 
23474 
6873 
32623 
24301 
20218 
26971 
17554 
28272 
24602 
24404 
7953 
16794 
12484 
9493 
15042 
11245 
16785 
22771 
2463 
6194 
1147 
13766 
7749 
14066 
32612 
18796 
5750 
15611 
32397 
15172 
5528 
12769 
22303 
8884 
20276 
20091 
14758 
28068 
8567 
27490 
5264 
22272 
16308 
32630 
1715 
27962 
27872 
11864 
25028 
10437 
17940 
26352 
15585 
4763 
7439 
4585 
5896 
31416 
25265 
20528 
2462 
16028 
8578 
18809 
2793 
8141 
2089 
2747 
16533 
10835 
1013 
29871 
25139 
11067 
27479 
14932 
11189 
14101 
14437 
28525 
24564 
16501 
21337 
9985 
23339 
15990 
27921 
8667 
13689 
25394 
27021 
3336 
30050 
25163 
23155 
20572 
21071 
18277 
2446 
27885 
1801 
23721 
4939 
27541 
13378 
8516 
4410 
23412 
21261 
20454 
21651 
24685 
14176 
30020 
12463 
20900 
8857 
5782 
21899 
26631 
26102 
26650 
14920 
31938 
5404 
5007 
6061 
22472 
18577 
3771 
29348 
3665 
28738 
485 
14009 
29014 
13821 
15963 
24734 
3095 
28664 
17646 
14506 
12950 
9033 
23665 
7509 
8218 
5739 
14398 
23997 
9645 
29632 
11952 
9252 
26782 
31753 
32682 
28784 
12543 
18671 
11023 
8874 
18471 
8062 
22343 
5503 
26418 
21157 
18369 
18626 
13692 
13751 
25451 
7144 
22314 
7917 
19260 
6283 
2977 
31202 
171 
19687 
23565 
27157 
7221 
13920 
23004 
32107 
5083 
15354 
27968 
28330 
4513 
14560 
13232 
30719 
23056 
5854 
28263 
13689 
17077 
30950 
228 
6027 
14496 
30095 
32616 
25998 
22245 
24977 
19835 
20541 
3359 
10826 
19560 
5175 
21992 
16444 
6588 
11393 
32098 
4493 
24011 
5377 
30641 
5254 
10795 
7428 
18303 
25109 
26679 
18873 
29815 
24651 
22413 
18611 
4554 
31966 
7312 
29291 
21677 
30631 
24295 
23740 
15064 
15653 
30717 
32101 
16649 
20729 
12671 
23691 
10623 
18536 
5088 
22324 
21120 
21725 
17624 
29133 
7380 
24164 
30177 
15013 
25159 
11823 
25273 
15471 
31786 
10517 
24547 
196 
22995 
6670 
31014 
8863 
10009 
3256 
8204 
28896 
728 
14294 
27236 
8393 
17779 
30667 
24768 
4228 
22349 
22819 
23800 
6554 
5967 
13067 
30885 
29565 
20838 
20948 
2983 
9728 
17665 
12660 
15008 
3034 
15255 
18437 
5494 
25895 
12063 
24644 
17877 
31206 
150 
1043 
19883 
19580 
15997 
30455 
21930 
23599 
31576 
16538 
3018 
30636 
13361 
18251 
4548 
8066 
18194 
31353 
31639 
30885 
31118 
3388 
24071 
20204 
3897 
16588 
27929 
10131 
28716 
16136 
10905 
25529 
24450 
1264 
9364 
29411 
16861 
23851 
17374 
5495 
29666 
27266 
10894 
12098 
12472 
16995 
8829 
10739 
2189 
5983 
7114 
26526 
26386 
29612 
15192 
17722 
10746 
932 
31054 
11555 
18302 
28740 
20375 
14744 
1244 
18861 
30816 
26430 
15572 
423 
15517 
22427 
13866 
30233 
21124 
9116 
2598 
2963 
19472 
15888 
6935 
22468 
5503 
26155 
6859 
23556 
980 
10756 
8473 
20427 
29526 
30999 
21080 
31544 
30223 
18116 
5605 
8587 
4686 
15565 
23712 
31659 
4390 
32220 
30575 
17057 
23788 
30715 
32187 
18971 
28605 
18202 
17390 
10986 
20982 
10125 
25083 
32132 
10426 
30859 
18902 
9347 
21615 
20144 
28151 
10020 
8001 
5755 
30683 
7113 
31646 
18129 
3715 
8824 
21177 
9081 
11508 
28505 
25351 
3998 
2229 
25916 
11972 
28752 
2132 
16400 
31343 
7938 
18913 
20333 
23370 
27662 
14705 
16651 
21979 
12589 
14237 
31561 
3182 
29695 
20480 
1959 
32145 
6281 
32701 
3404 
21142 
9138 
3062 
23426 
15892 
3525 
26710 
1076 
27238 
9458 
11656 
1655 
30763 
32716 
8125 
2302 
3268 
32717 
17707 
9380 
28889 
25550 
3209 
16102 
16085 
27279 
915 
29798 
8549 
1333 
7564 
4970 
8701 
6599 
2487 
9818 
1875 
21936 
6621 
3654 
17378 
4160 
14538 
11613 
29800 
15659 
28880 
8567 
28265 
28424 
579 
3725 
24234 
27091 
2555 
31035 
30646 
17772 
14293 
12613 
12380 
8213 
5426 
19471 
4655 
24824 
23414 
12067 
6149 
2719 
23178 
10927 
7288 
7546 
28507 
9220 
22633 
2653 
2649 
20505 
29048 
13567 
17913 
32262 
6284 
1661 
3379 
29065 
14417 
4052 
20996 
19844 
13237 
15466 
21486 
3708 
13419 
5254 
30323 
5404 
2409 
4051 
10142 
16561 
5481 
30689 
22138 
6571 
19819 
23204 
31128 
3106 
18225 
3315 
9613 
12879 
22465 
15626 
13170 
12046 
16871 
5385 
30562 
6243 
29873 
28019 
1792 
29170 
23025 
4016 
4079 
14213 
13503 
2187 
15959 
30602 
4084 
2740 
13159 
32147 
15535 
24895 
3021 
3284 
24788 
29219 
30272 
10920 
5512 
20669 
23031 
30988 
5559 
24650 
3375 
8483 
31887 
1648 
7080 
19888 
5122 
28086 
7464 
13727 
13127 
22535 
7159 
13949 
11609 
307 
2914 
32506 
20342 
4462 
20025 
18798 
28578 
8144 
19793 
9810 
2850 
17619 
7682 
22211 
29953 
15576 
14505 
14082 
5262 
6818 
16167 
14583 
13276 
2520 
21344 
28329 
24129 
8584 
32190 
9415 
20184 
18079 
9132 
3362 
28415 
7794 
3611 
31025 
25818 
4408 
0 
9356 
12749 
23693 
23763 
3953 
24838 
13809 
24338 
26946 
17905 
32071 
24252 
2821 
19137 
32599 
10199 
483 
20206 
18508 
24810 
10666 
5554 
1591 
387 
22346 
17547 
31626 
22707 
4955 
29116 
413 
9101 
25750 
17099 
6956 
13227 
10840 
6916 
5847 
9641 
1827 
23029 
16801 
10151 
23324 
10736 
10610 
20427 
20109 
24205 
28565 
701 
27748 
25381 
11067 
27177 
19635 
14680 
23542 
31553 
20270 
1928 
27710 
3385 
26033 
14171 
17391 
32713 
28343 
9277 
27337 
29102 
8163 
23004 
15087 
1833 
123 
25258 
9065 
16510 
29672 
9822 
31395 
24694 
21560 
22643 
24811 
25310 
7324 
30376 
13046 
774 
9194 
22399 
3163 
21058 
26395 
18622 
23063 
24173 
25550 
15856 
32008 
26721 
708 
3813 
31858 
10880 
4706 
17966 
18557 
12079 
20787 
32674 
3252 
14165 
2147 
22236 
4743 
12512 
13892 
26042 
13259 
15680 
18637 
21215 
23861 
18411 
26646 
28722 
8418 
11479 
20702 
26974 
22738 
28419 
16133 
592 
22888 
32494 
26642 
26044 
13292 
4382 
1454 
920 
2314 
1179 
28710 
32670 
27472 
22897 
18670 
12238 
20915 
14130 
13593 
10986 
6667 
881 
10209 
26361 
7058 
2120 
15653 
26565 
18793 
10963 
9190 
32093 
25875 
12722 
6346 
4756 
16632 
7051 
28825 
2944 
4836 
1414 
12994 
13307 
22149 
8656 
17367 
15909 
16368 
15897 
8205 
20704 
15901 
23062 
9661 
9810 
3430 
19967 
28645 
14951 
23052 
273 
16552 
2381 
29363 
12301 
31690 
24054 
2785 
17335 
12597 
12442 
3458 
14168 
14198 
5426 
32614 
3901 
22081 
14846 
29122 
24374 
233 
30207 
1195 
24856 
8425 
26494 
31135 
6972 
28766 
8835 
22012 
5885 
25738 
28511 
5510 
10046 
10322 
6435 
27877 
16097 
9921 
19494 
7204 
22353 
9603 
1155 
20788 
26361 
28523 
3225 
6759 
26570 
3821 
2953 
26870 
28090 
6309 
9147 
9083 
19775 
1486 
8538 
18551 
20952 
7884 
14547 
8398 
1157 
30115 
21850 
582 
585 
28797 
30565 
8715 
25263 
25639 
9007 
30510 
11843 
16021 
24374 
11553 
25876 
16730 
17085 
9789 
5433 
19505 
5195 
3644 
329 
14199 
30762 
31935 
22241 
16046 
12010 
10185 
29986 
31483 
25563 
9795 
17200 
28073 
2966 
17014 
5812 
6820 
21109 
23700 
10843 
13055 
6934 
23855 
9301 
20335 
3292 
14272 
11478 
15053 
12909 
32033 
5273 
19608 
10293 
32275 
2904 
21360 
23266 
32186 
26197 
3996 
21991 
29724 
30421 
15750 
8697 
24741 
28831 
12345 
13205 
11430 
24705 
31722 
26999 
7633 
13003 
12396 
6948 
22719 
18898 
9146 
14178 
29547 
9327 
19569 
29371 
6068 
5246 
11347 
1533 
13790 
1375 
19142 
31932 
18193 
21112 
16210 
5071 
8153 
11696 
19495 
10191 
21157 
5622 
2197 
13211 
8776 
23992 
7057 
24279 
1147 
16748 
1591 
7272 
13400 
3595 
32323 
22778 
21728 
22417 
22678 
14714 
9079 
16255 
951 
27036 
14947 
19289 
4687 
31319 
25425 
19240 
21932 
20579 
31183 
20472 
2112 
8898 
24019 
12891 
2079 
2356 
30258 
10469 
8580 
6849 
17194 
28334 
26956 
7220 
217 
31187 
10105 
16026 
22980 
16885 
20913 
28103 
10577 
5816 
5565 
11985 
20045 
1606 
29706 
3730 
3430 
21449 
27179 
8234 
946 
32244 
11605 
2940 
10534 
21883 
29922 
11180 
25376 
9111 
21710 
15783 
9950 
24707 
10301 
7835 
11269 
31233 
3059 
6779 
12059 
10710 
26842 
19069 
17421 
23626 
3712 
923 
14506 
9897 
23959 
21781 
1829 
19908 
627 
5869 
22679 
23664 
16271 
2154 
6010 
18950 
18441 
32406 
4656 
12514 
10785 
8895 
11642 
5348 
18877 
16634 
9986 
14834 
27368 
9883 
26577 
2676 
19535 
4287 
26329 
3542 
20931 
10946 
7021 
28426 
16058 
7369 
32707 
4867 
205 
10809 
9081 
16187 
2619 
24638 
19981 
20526 
15461 
21574 
12644 
32733 
25168 
29315 
11332 
15436 
15142 
23660 
7386 
3588 
5301 
22332 
17205 
3730 
30191 
19058 
13256 
28422 
22888 
20047 
23020 
3701 
30683 
19035 
2652 
8311 
8870 
9185 
9655 
25513 
11849 
31854 
19202 
26668 
27883 
86 
6691 
26149 
14549 
17711 
1639 
9275 
3828 
14420 
14589 
28188 
14683 
7523 
888 
6904 
2495 
7359 
25169 
9220 
9210 
25103 
3939 
19193 
22665 
19134 
9325 
20626 
3854 
9337 
19860 
15122 
16590 
31667 
3038 
11451 
819 
31268 
1976 
19032 
8779 
21830 
29553 
12724 
19272 
19671 
32189 
33 
18174 
14682 
21555 
26866 
17513 
10902 
13774 
23553 
13092 
5653 
5488 
15402 
11762 
5542 
19546 
9677 
30009 
13787 
23734 
17744 
31106 
21644 
17422 
15771 
30203 
3922 
24018 
7835 
6901 
16909 
21973 
27584 
18534 
5471 
10960 
12926 
22632 
7470 
16606 
12495 
31159 
1830 
1022 
2992 
6711 
22837 
6805 
5535 
24941 
16397 
10217 
9508 
15105 
28069 
7847 
31557 
28994 
1977 
9054 
14864 
22434 
9797 
32514 
27413 
1334 
25102 
8554 
5609 
7991 
29465 
13266 
26276 
13187 
24370 
15193 
25699 
8989 
14438 
19332 
14280 
7336 
27529 
18617 
373 
9968 
7857 
15045 
16533 
15202 
8121 
12119 
18771 
28815 
25280 
11395 
19296 
13485 
4263 
13120 
26737 
6166 
9622 
20970 
23231 
10183 
8056 
18112 
11142 
22498 
15482 
12903 
31110 
32300 
18832 
23142 
20357 
23696 
240 
31656 
2763 
15258 
30868 
11517 
20900 
5373 
8381 
20888 
6626 
19982 
21099 
7058 
16216 
582 
28134 
7782 
10848 
24003 
2360 
29044 
1622 
1992 
11952 
25215 
2075 
7481 
11104 
14382 
17555 
15136 
28064 
1166 
5927 
6443 
29578 
1934 
6212 
13355 
18812 
8578 
9177 
2198 
6297 
21921 
28637 
23814 
17735 
23687 
12999 
7352 
7602 
18099 
23061 
16910 
6216 
12042 
20678 
20749 
8763 
32083 
21983 
25056 
32259 
14521 
25321 
15187 
12761 
27212 
8817 
32089 
1597 
3968 
30344 
23431 
5233 
7340 
3905 
26518 
25851 
3980 
4405 
27621 
7719 
4543 
19458 
22004 
17027 
11082 
199 
12522 
32609 
1300 
14506 
12304 
2904 
15208 
11090 
18772 
5315 
16502 
13677 
24519 
16449 
20178 
24364 
32288 
14131 
27635 
29378 
8503 
17985 
31413 
8937 
4746 
3030 
24023 
16733 
21179 
13983 
10878 
1374 
5135 
21520 
27313 
25138 
17649 
11999 
28635 
28065 
10861 
15751 
13644 
22136 
2742 
8390 
21176 
27398 
26529 
12832 
32438 
12194 
18727 
8794 
8514 
1315 
6119 
10239 
30268 
24422 
1953 
15838 
16359 
3020 
4540 
29066 
2410 
1977 
32706 
16857 
31058 
26391 
1503 
3429 
13327 
19152 
28005 
4366 
20082 
26455 
20298 
30327 
20534 
6944 
24232 
29316 
18036 
5411 
17212 
29666 
26156 
2910 
1000 
24959 
16067 
336 
306 
26894 
31872 
7807 
32707 
23940 
15118 
5362 
17128 
9630 
26621 
6071 
14100 
14937 
13633 
24926 
11356 
13688 
7089 
19069 
8441 
28673 
28042 
28714 
7114 
12480 
30953 
27268 
5840 
27331 
14932 
4906 
31152 
3036 
7986 
23490 
9268 
23330 
22606 
13428 
2250 
26481 
15448 
620 
22275 
1509 
14948 
9820 
13846 
24675 
23658 
4855 
3931 
5136 
22980 
29559 
26832 
24536 
14770 
25112 
20375 
25320 
1497 
11931 
21110 
27444 
3264 
13508 
3158 
21491 
13394 
17116 
16068 
29726 
23648 
4143 
31859 
7412 
20764 
17295 
25528 
10361 
19870 
2512 
26893 
6130 
3682 
15434 
12686 
17002 
29640 
5978 
32127 
4912 
13459 
225 
8900 
22615 
8299 
24260 
5992 
8501 
29275 
32106 
3095 
11493 
13139 
1601 
5795 
26821 
11431 
1593 
27778 
32504 
27278 
1095 
11599 
29925 
20133 
10212 
15685 
22966 
12905 
28555 
12231 
1243 
6592 
30526 
16859 
25732 
30065 
20226 
25770 
23594 
30120 
24927 
22529 
13063 
27763 
27105 
21715 
4760 
16455 
31641 
18357 
5410 
28283 
6044 
7009 
25643 
7627 
21379 
4916 
26365 
16599 
4074 
13743 
295 
18594 
16114 
18170 
24827 
26388 
15038 
21340 
24081 
24953 
11257 
18884 
26562 
29439 
79 
9796 
942 
16187 
28911 
11408 
23607 
21668 
6416 
12931 
24323 
16151 
7273 
31387 
27518 
10833 
23991 
7800 
4438 
5241 
17723 
2401 
24317 
4243 
5945 
703 
16426 
6414 
23162 
18591 
27736 
29239 
20171 
14900 
25926 
7363 
29564 
4691 
1397 
22602 
7650 
12790 
7854 
13766 
8149 
31418 
10361 
14872 
32307 
14689 
32423 
4227 
14171 
8272 
12233 
19759 
6578 
21009 
23478 
16295 
10786 
31699 
8713 
21852 
6806 
32741 
8352 
3104 
20607 
12351 
542 
29867 
31570 
6393 
7274 
17690 
15112 
23249 
7983 
31594 
22172 
5546 
21082 
4098 
657 
25351 
25759 
14375 
14185 
24724 
18931 
14469 
6191 
19102 
10771 
18348 
26862 
9878 
24316 
145 
5432 
32146 
881 
25865 
18080 
9932 
4473 
28753 
2880 
8737 
4318 
14729 
3124 
659 
21935 
9781 
21533 
26823 
20159 
11450 
9631 
3464 
25635 
9959 
25059 
23618 
26040 
13417 
32533 
7560 
2459 
11606 
3815 
12686 
31407 
9379 
21773 
23216 
30490 
31405 
28095 
6121 
32456 
32692 
1082 
3932 
4583 
9820 
6463 
2255 
32617 
17963 
22931 
30763 
17286 
28173 
1149 
6142 
30263 
18131 
25163 
5113 
18876 
1455 
19149 
17266 
6422 
28345 
15320 
29667 
1678 
26478 
32708 
17257 
10796 
6444 
25583 
2886 
20545 
9143 
32568 
23136 
18398 
24503 
2181 
32703 
16730 
12600 
15677 
9490 
15568 
27176 
22478 
31019 
2207 
15580 
5673 
27263 
20456 
16012 
20545 
29095 
14611 
31186 
7824 
27618 
5195 
4399 
4241 
1424 
6653 
29063 
29511 
13496 
14685 
5280 
10165 
17283 
30433 
21414 
2404 
27327 
23236 
18858 
25824 
31837 
28548 
17950 
32315 
7668 
20580 
20315 
10120 
4923 
18411 
13595 
26465 
6290 
32355 
13055 
12130 
19834 
14427 
8971 
8876 
12057 
9510 
16421 
27747 
8888 
15706 
30873 
9776 
4164 
12626 
20632 
20160 
3280 
26540 
21684 
20547 
5392 
3019 
7270 
5870 
22496 
11349 
23688 
14201 
4283 
27062 
2523 
9634 
29253 
13468 
2947 
31400 
8386 
7290 
32134 
19408 
15516 
11781 
849 
4323 
31969 
25018 
10802 
6830 
22978 
6741 
23518 
6530 
18198 
13147 
24813 
13234 
32469 
8082 
29530 
11287 
23453 
6019 
24836 
6287 
17200 
22527 
15919 
10361 
8435 
28823 
10243 
31547 
28785 
8739 
5900 
1725 
22486 
19772 
16825 
3563 
21109 
28865 
3805 
10038 
27459 
14422 
6193 
21268 
1882 
6880 
15567 
8828 
16502 
2315 
17337 
28011 
20347 
11204 
3664 
6497 
1773 
12991 
23261 
28644 
23926 
13042 
5900 
1276 
2148 
5400 
17003 
11702 
9768 
5168 
24816 
1698 
30937 
19451 
32113 
2644 
12463 
22401 
15401 
14310 
18056 
32652 
32057 
18805 
26214 
31020 
3877 
31391 
27119 
13361 
29011 
24332 
25323 
14772 
9872 
18658 
13770 
6799 
6026 
16207 
17436 
28128 
1367 
1283 
10007 
24458 
3053 
11955 
31252 
20148 
13479 
18839 
13586 
31816 
6343 
4589 
5938 
18805 
5102 
14708 
8505 
1582 
1701 
15857 
8209 
20393 
10456 
20398 
18248 
32480 
27734 
18422 
23439 
10003 
28498 
12186 
27965 
9284 
32485 
21872 
8906 
14778 
10634 
29902 
4948 
16511 
24992 
27667 
12573 
26081 
12267 
799 
17419 
31221 
30228 
16853 
29735 
19983 
16676 
22176 
25630 
9035 
11277 
3308 
23491 
10504 
21026 
21416 
651 
2920 
20889 
21451 
10768 
4561 
24080 
5836 
10383 
19823 
25350 
15656 
17257 
22448 
13917 
17632 
10662 
8390 
23262 
24568 
32365 
20008 
21173 
23289 
29581 
10513 
497 
4975 
29687 
7423 
8453 
32364 
24130 
17974 
16202 
16132 
20262 
4155 
21883 
19663 
31745 
25690 
26679 
10859 
7510 
26656 
14979 
11255 
26952 
19425 
4165 
19864 
7715 
10547 
202 
6648 
7380 
29041 
22849 
8386 
4972 
27705 
3901 
32039 
14241 
17902 
17207 
27740 
4429 
11831 
21258 
29721 
21740 
1662 
31862 
6428 
20002 
8307 
3997 
9636 
23091 
3206 
12680 
32759 
29322 
30832 
11939 
4317 
18227 
7595 
23869 
14882 
26977 
16373 
4106 
23831 
1512 
15313 
6305 
28946 
12227 
9478 
23038 
10729 
14992 
29982 
27392 
11899 
9487 
18920 
18668 
24360 
5031 
13302 
6632 
11348 
23265 
5408 
32641 
31976 
6634 
3839 
31014 
9424 
25877 
371 
22186 
27518 
87 
6430 
15046 
8806 
10698 
28134 
11669 
19328 
29739 
12663 
16151 
20425 
12636 
28095 
14766 
17858 
27874 
21360 
25764 
18415 
30312 
6273 
22179 
23385 
31802 
26286 
22586 
26125 
13771 
23027 
22111 
13723 
7727 
3861 
25832 
5528 
16033 
16921 
20753 
30236 
2303 
31947 
17401 
8773 
16969 
21816 
29989 
1714 
32038 
15412 
27900 
2057 
9311 
23509 
22344 
26993 
5474 
1526 
26043 
17176 
19136 
12982 
17000 
2222 
5807 
3830 
4678 
8169 
28041 
6878 
1969 
1791 
16459 
22617 
1257 
2863 
26391 
2452 
20112 
3897 
7090 
32643 
20016 
25056 
1031 
30812 
25779 
9327 
19618 
3609 
19689 
16689 
21302 
13563 
3589 
29176 
24855 
18946 
32288 
22168 
30145 
12662 
21685 
7016 
8527 
1377 
19748 
12231 
28421 
21522 
22832 
3221 
24518 
28315 
25472 
2742 
29854 
18260 
8737 
18835 
18746 
24663 
30978 
9625 
15979 
18946 
27767 
16056 
13480 
12664 
9143 
